8
1111111111111111
1111111111111112
1111122222222221
1222211112222221
2122212221112221
2212221221221122
2221222122121212
2222122212212112
1111111111111111
1111111111111112
1111122222222221
1222211112222221
2122212221112221
2212221221221122
2221222122121212
2222122212212112
1111111111111111
1111111111111112
1111122222222221
1222211112222221
2122212221112221
2212221221221122
2221222122121212
2222122212212112
1111111111111111
1111111111111112
1111122222222221
1222211112222221
2122212221112221
2212221221221122
2221222122121212
2222122212212112
1111111111111111
1111111111111112
1111122222222221
1222211112222221
2122212221112221
2212221221221122
2221222122121212
2222122212212112
1111111111111111
1111111111111112
1111122222222221
1222211112222221
2122212221112221
2212221221221122
2221222122121212
2222122212212112
1111111111111111
1111111111111112
1111122222222221
1222211112222221
