9
11111111111111111111111111111111111111111111111111111111
11111111111111111111122222222222222222222222222222222222
11111122222222222222211111111111111122222222222222222222
12222211111222222222211111222222222211111111112222222222
21222212222111122222212222111122222211112222221111112222
22122221222122211122221222122211122212221112221112221112
22212222122212212211222122212212211221221221121221121121
22221222212221221212122212221221212122122121212121211211
22222122221222122121122221222122121122212212112212112111
11111111111111111111111111111111111111111111111111111111
11111111111111111111122222222222222222222222222222222222
11111122222222222222211111111111111122222222222222222222
12222211111222222222211111222222222211111111112222222222
21222212222111122222212222111122222211112222221111112222
22122221222122211122221222122211122212221112221112221112
22212222122212212211222122212212211221221221121221121121
22221222212221221212122212221221212122122121212121211211
22222122221222122121122221222122121122212212112212112111
11111111111111111111111111111111111111111111111111111111
11111111111111111111122222222222222222222222222222222222
11111122222222222222211111111111111122222222222222222222
12222211111222222222211111222222222211111111112222222222
21222212222111122222212222111122222211112222221111112222
22122221222122211122221222122211122212221112221112221112
22212222122212212211222122212212211221221221121221121121
22221222212221221212122212221221212122122121212121211211
22222122221222122121122221222122121122212212112212112111
11111111111111111111111111111111111111111111111111111111
11111111111111111111122222222222222222222222222222222222
11111122222222222222211111111111111122222222222222222222
12222211111222222222211111222222222211111111112222222222
21222212222111122222212222111122222211112222221111112222
22122221222122211122221222122211122212221112221112221112
22212222122212212211222122212212211221221221121221121121
22221222212221221212122212221221212122122121212121211211
22222122221222122121122221222122121122212212112212112111
11111111111111111111111111111111111111111111111111111111
11111111111111111111122222222222222222222222222222222222
11111122222222222222211111111111111122222222222222222222
12222211111222222222211111222222222211111111112222222222
21222212222111122222212222111122222211112222221111112222
22122221222122211122221222122211122212221112221112221112
22212222122212212211222122212212211221221221121221121121
22221222212221221212122212221221212122122121212121211211
22222122221222122121122221222122121122212212112212112111
11111111111111111111111111111111111111111111111111111111
11111111111111111111122222222222222222222222222222222222
11111122222222222222211111111111111122222222222222222222
12222211111222222222211111222222222211111111112222222222
21222212222111122222212222111122222211112222221111112222
22122221222122211122221222122211122212221112221112221112
22212222122212212211222122212212211221221221121221121121
