7
11111111111
11111222222
12222111122
21222122211
22122212212
22212221221
22221222122
11111111111
11111222222
12222111122
21222122211
22122212212
22212221221
22221222122
11111111111
11111222222
12222111122
21222122211
22122212212
22212221221
22221222122
11111111111
11111222222
12222111122
21222122211
22122212212
22212221221
22221222122
11111111111
11111222222
12222111122
21222122211
22122212212
22212221221
22221222122
11111111111
11111222222
12222111122
21222122211
22122212212
22212221221
22221222122
11111111111
11111222222
12222111122
21222122211
22122212212
22212221221
22221222122
11111111111
11111222222
12222111122
