9
111111111111111111111111111111111111
111111111111111111111222222222222222
111111222222222222222111111111111111
122222111112222222222111112222222222
212222122221111222222122221111222222
221222212221222111222212221222111222
222122221222122122112221222122122112
222212222122212212121222122212212121
222221222212221221211222212221221211
111111111111111111111111111111111111
111111111111111111111222222222222222
111111222222222222222111111111111111
122222111112222222222111112222222222
212222122221111222222122221111222222
221222212221222111222212221222111222
222122221222122122112221222122122112
222212222122212212121222122212212121
222221222212221221211222212221221211
111111111111111111111111111111111111
111111111111111111111222222222222222
111111222222222222222111111111111111
122222111112222222222111112222222222
212222122221111222222122221111222222
221222212221222111222212221222111222
222122221222122122112221222122122112
222212222122212212121222122212212121
222221222212221221211222212221221211
111111111111111111111111111111111111
111111111111111111111222222222222222
111111222222222222222111111111111111
122222111112222222222111112222222222
212222122221111222222122221111222222
221222212221222111222212221222111222
222122221222122122112221222122122112
222212222122212212121222122212212121
222221222212221221211222212221221211
111111111111111111111111111111111111
111111111111111111111222222222222222
111111222222222222222111111111111111
122222111112222222222111112222222222
212222122221111222222122221111222222
221222212221222111222212221222111222
222122221222122122112221222122122112
222212222122212212121222122212212121
222221222212221221211222212221221211
111111111111111111111111111111111111
111111111111111111111222222222222222
111111222222222222222111111111111111
122222111112222222222111112222222222
212222122221111222222122221111222222
221222212221222111222212221222111222
222122221222122122112221222122122112
