6
1111111111
1111222222
1222111222
2122122112
2212212121
2221221211
1111111111
1111222222
1222111222
2122122112
2212212121
2221221211
1111111111
1111222222
1222111222
2122122112
2212212121
2221221211
1111111111
1111222222
1222111222
2122122112
2212212121
2221221211
1111111111
1111222222
1222111222
2122122112
2212212121
2221221211
1111111111
1111222222
1222111222
2122122112
2212212121
2221221211
1111111111
1111222222
1222111222
2122122112
2212212121
2221221211
1111111111
1111222222
1222111222
2122122112
2212212121
2221221211
1111111111
1111222222
1222111222
2122122112
