7
111111111111111
111112222222222
122221111222222
212221222111222
221222122122112
222122212212121
222212221221211
111111111111111
111112222222222
122221111222222
212221222111222
221222122122112
222122212212121
222212221221211
111111111111111
111112222222222
122221111222222
212221222111222
221222122122112
222122212212121
222212221221211
111111111111111
111112222222222
122221111222222
212221222111222
221222122122112
222122212212121
222212221221211
111111111111111
111112222222222
122221111222222
212221222111222
221222122122112
222122212212121
222212221221211
111111111111111
111112222222222
122221111222222
212221222111222
221222122122112
222122212212121
222212221221211
111111111111111
111112222222222
122221111222222
212221222111222
221222122122112
222122212212121
222212221221211
111111111111111
111112222222222
122221111222222
