8
11111111111111111111111111111111111
11111111111111122222222222222222222
11111222222222211111111112222222222
12222111122222211112222221111112222
21222122211122212221112221112221112
22122212212211221221221121221121121
22212221221212122122121212121211211
22221222122121122212212112212112111
11111111111111111111111111111111111
11111111111111122222222222222222222
11111222222222211111111112222222222
12222111122222211112222221111112222
21222122211122212221112221112221112
22122212212211221221221121221121121
22212221221212122122121212121211211
22221222122121122212212112212112111
11111111111111111111111111111111111
11111111111111122222222222222222222
11111222222222211111111112222222222
12222111122222211112222221111112222
21222122211122212221112221112221112
22122212212211221221221121221121121
22212221221212122122121212121211211
22221222122121122212212112212112111
11111111111111111111111111111111111
11111111111111122222222222222222222
11111222222222211111111112222222222
12222111122222211112222221111112222
21222122211122212221112221112221112
22122212212211221221221121221121121
22212221221212122122121212121211211
22221222122121122212212112212112111
11111111111111111111111111111111111
11111111111111122222222222222222222
11111222222222211111111112222222222
12222111122222211112222221111112222
21222122211122212221112221112221112
22122212212211221221221121221121121
22212221221212122122121212121211211
22221222122121122212212112212112111
11111111111111111111111111111111111
11111111111111122222222222222222222
11111222222222211111111112222222222
12222111122222211112222221111112222
21222122211122212221112221112221112
22122212212211221221221121221121121
22212221221212122122121212121211211
22221222122121122212212112212112111
11111111111111111111111111111111111
11111111111111122222222222222222222
11111222222222211111111112222222222
12222111122222211112222221111112222
