11
1111111111111111111111111111111111111111111111111111111111111111111111111111111111111111111111111111111111111111111111111111111
1111111111111111111111111111111111111111111111111111111111111111111111111111111111112222222222222222222222222222222222222222222
1111111111111111111111111111222222222222222222222222222222222222222222222222222222221111111111111111111111111111111111111111111
1111111222222222222222222222111111111111111111111222222222222222222222222222222222221111111111111111111112222222222222222222222
1222222111111222222222222222111111222222222222222111111111111111222222222222222222221111112222222222222221111111111111112222222
2122222122222111112222222222122222111112222222222111112222222222111111111122222222221222221111122222222221111122222222221111111
2212222212222122221111222222212222122221111222222122221111222222111122222211111122222122221222211112222221222211112222221111222
2221222221222212221222111222221222212221222111222212221222111222122211122211122211122212222122212221112222122212221112221222111
2222122222122221222122122112222122221222122122112221222122122112212212211212211211212221222212221221221122212221221221122122122
2222212222212222122212212121222212222122212212121222122212212121221221212121212112112222122221222122121212221222122121212212212
2222221222221222212221221211222221222212221221211222212221221211222122121122121121112222212222122212212112222122212212112221221
1111111111111111111111111111111111111111111111111111111111111111111111111111111111111111111111111111111111111111111111111111111
1111111111111111111111111111111111111111111111111111111111111111111111111111111111112222222222222222222222222222222222222222222
1111111111111111111111111111222222222222222222222222222222222222222222222222222222221111111111111111111111111111111111111111111
1111111222222222222222222222111111111111111111111222222222222222222222222222222222221111111111111111111112222222222222222222222
1222222111111222222222222222111111222222222222222111111111111111222222222222222222221111112222222222222221111111111111112222222
2122222122222111112222222222122222111112222222222111112222222222111111111122222222221222221111122222222221111122222222221111111
2212222212222122221111222222212222122221111222222122221111222222111122222211111122222122221222211112222221222211112222221111222
2221222221222212221222111222221222212221222111222212221222111222122211122211122211122212222122212221112222122212221112221222111
2222122222122221222122122112222122221222122122112221222122122112212212211212211211212221222212221221221122212221221221122122122
2222212222212222122212212121222212222122212212121222122212212121221221212121212112112222122221222122121212221222122121212212212
2222221222221222212221221211222221222212221221211222212221221211222122121122121121112222212222122212212112222122212212112221221
1111111111111111111111111111111111111111111111111111111111111111111111111111111111111111111111111111111111111111111111111111111
1111111111111111111111111111111111111111111111111111111111111111111111111111111111112222222222222222222222222222222222222222222
1111111111111111111111111111222222222222222222222222222222222222222222222222222222221111111111111111111111111111111111111111111
1111111222222222222222222222111111111111111111111222222222222222222222222222222222221111111111111111111112222222222222222222222
1222222111111222222222222222111111222222222222222111111111111111222222222222222222221111112222222222222221111111111111112222222
2122222122222111112222222222122222111112222222222111112222222222111111111122222222221222221111122222222221111122222222221111111
2212222212222122221111222222212222122221111222222122221111222222111122222211111122222122221222211112222221222211112222221111222
2221222221222212221222111222221222212221222111222212221222111222122211122211122211122212222122212221112222122212221112221222111
2222122222122221222122122112222122221222122122112221222122122112212212211212211211212221222212221221221122212221221221122122122
2222212222212222122212212121222212222122212212121222122212212121221221212121212112112222122221222122121212221222122121212212212
2222221222221222212221221211222221222212221221211222212221221211222122121122121121112222212222122212212112222122212212112221221
1111111111111111111111111111111111111111111111111111111111111111111111111111111111111111111111111111111111111111111111111111111
1111111111111111111111111111111111111111111111111111111111111111111111111111111111112222222222222222222222222222222222222222222
1111111111111111111111111111222222222222222222222222222222222222222222222222222222221111111111111111111111111111111111111111111
1111111222222222222222222222111111111111111111111222222222222222222222222222222222221111111111111111111112222222222222222222222
1222222111111222222222222222111111222222222222222111111111111111222222222222222222221111112222222222222221111111111111112222222
2122222122222111112222222222122222111112222222222111112222222222111111111122222222221222221111122222222221111122222222221111111
2212222212222122221111222222212222122221111222222122221111222222111122222211111122222122221222211112222221222211112222221111222
2221222221222212221222111222221222212221222111222212221222111222122211122211122211122212222122212221112222122212221112221222111
2222122222122221222122122112222122221222122122112221222122122112212212211212211211212221222212221221221122212221221221122122122
2222212222212222122212212121222212222122212212121222122212212121221221212121212112112222122221222122121212221222122121212212212
2222221222221222212221221211222221222212221221211222212221221211222122121122121121112222212222122212212112222122212212112221221
1111111111111111111111111111111111111111111111111111111111111111111111111111111111111111111111111111111111111111111111111111111
1111111111111111111111111111111111111111111111111111111111111111111111111111111111112222222222222222222222222222222222222222222
1111111111111111111111111111222222222222222222222222222222222222222222222222222222221111111111111111111111111111111111111111111
1111111222222222222222222222111111111111111111111222222222222222222222222222222222221111111111111111111112222222222222222222222
1222222111111222222222222222111111222222222222222111111111111111222222222222222222221111112222222222222221111111111111112222222
2122222122222111112222222222122222111112222222222111112222222222111111111122222222221222221111122222222221111122222222221111111
2212222212222122221111222222212222122221111222222122221111222222111122222211111122222122221222211112222221222211112222221111222
2221222221222212221222111222221222212221222111222212221222111222122211122211122211122212222122212221112222122212221112221222111
