10
111111111111111111111111111111111111111111111111111111111
111111111111111111111111111111111111111111111111111111112
111111111111111111111222222222222222222222222222222222221
111111222222222222222111111111111111222222222222222222221
122222111112222222222111112222222222111111111122222222221
212222122221111222222122221111222222111122222211111122221
221222212221222111222212221222111222122211122211122211122
222122221222122122112221222122122112212212211212211211212
222212222122212212121222122212212121221221212121212112112
222221222212221221211222212221221211222122121122121121112
111111111111111111111111111111111111111111111111111111111
111111111111111111111111111111111111111111111111111111112
111111111111111111111222222222222222222222222222222222221
111111222222222222222111111111111111222222222222222222221
122222111112222222222111112222222222111111111122222222221
212222122221111222222122221111222222111122222211111122221
221222212221222111222212221222111222122211122211122211122
222122221222122122112221222122122112212212211212211211212
222212222122212212121222122212212121221221212121212112112
222221222212221221211222212221221211222122121122121121112
111111111111111111111111111111111111111111111111111111111
111111111111111111111111111111111111111111111111111111112
111111111111111111111222222222222222222222222222222222221
111111222222222222222111111111111111222222222222222222221
122222111112222222222111112222222222111111111122222222221
212222122221111222222122221111222222111122222211111122221
221222212221222111222212221222111222122211122211122211122
222122221222122122112221222122122112212212211212211211212
222212222122212212121222122212212121221221212121212112112
222221222212221221211222212221221211222122121122121121112
111111111111111111111111111111111111111111111111111111111
111111111111111111111111111111111111111111111111111111112
111111111111111111111222222222222222222222222222222222221
111111222222222222222111111111111111222222222222222222221
122222111112222222222111112222222222111111111122222222221
212222122221111222222122221111222222111122222211111122221
221222212221222111222212221222111222122211122211122211122
222122221222122122112221222122122112212212211212211211212
222212222122212212121222122212212121221221212121212112112
222221222212221221211222212221221211222122121122121121112
111111111111111111111111111111111111111111111111111111111
111111111111111111111111111111111111111111111111111111112
111111111111111111111222222222222222222222222222222222221
111111222222222222222111111111111111222222222222222222221
122222111112222222222111112222222222111111111122222222221
212222122221111222222122221111222222111122222211111122221
221222212221222111222212221222111222122211122211122211122
222122221222122122112221222122122112212212211212211211212
222212222122212212121222122212212121221221212121212112112
222221222212221221211222212221221211222122121122121121112
111111111111111111111111111111111111111111111111111111111
111111111111111111111111111111111111111111111111111111112
