10
111111111111111111111111111111111111111111111111111111111111111111111111111111111111111111111111111111111111111111111111111111
111111111111111111111111111111111111111111111111111111112222222222222222222222222222222222222222222222222222222222222222222222
111111111111111111111222222222222222222222222222222222221111111111111111111111111111111111122222222222222222222222222222222222
111111222222222222222111111111111111222222222222222222221111111111111112222222222222222222211111111111111111111222222222222222
122222111112222222222111112222222222111111111122222222221111122222222221111111111222222222211111111112222222222111111111122222
212222122221111222222122221111222222111122222211111122221222211112222221111222222111111222211112222221111112222111111222211112
221222212221222111222212221222111222122211122211122211122122212221112221222111222111222111212221112221112221112111222111211121
222122221222122122112221222122122112212212211212211211212212221221221122122122112122112112121221221121221121121122112112111211
222212222122212212121222122212212121221221212121212112112221222122121212212212121212121121122122121212121211211212121121112111
222221222212221221211222212221221211222122121122121121112222122212212112221221211221211211122212212112212112111221211211121111
111111111111111111111111111111111111111111111111111111111111111111111111111111111111111111111111111111111111111111111111111111
111111111111111111111111111111111111111111111111111111112222222222222222222222222222222222222222222222222222222222222222222222
111111111111111111111222222222222222222222222222222222221111111111111111111111111111111111122222222222222222222222222222222222
111111222222222222222111111111111111222222222222222222221111111111111112222222222222222222211111111111111111111222222222222222
122222111112222222222111112222222222111111111122222222221111122222222221111111111222222222211111111112222222222111111111122222
212222122221111222222122221111222222111122222211111122221222211112222221111222222111111222211112222221111112222111111222211112
221222212221222111222212221222111222122211122211122211122122212221112221222111222111222111212221112221112221112111222111211121
222122221222122122112221222122122112212212211212211211212212221221221122122122112122112112121221221121221121121122112112111211
222212222122212212121222122212212121221221212121212112112221222122121212212212121212121121122122121212121211211212121121112111
222221222212221221211222212221221211222122121122121121112222122212212112221221211221211211122212212112212112111221211211121111
111111111111111111111111111111111111111111111111111111111111111111111111111111111111111111111111111111111111111111111111111111
111111111111111111111111111111111111111111111111111111112222222222222222222222222222222222222222222222222222222222222222222222
111111111111111111111222222222222222222222222222222222221111111111111111111111111111111111122222222222222222222222222222222222
111111222222222222222111111111111111222222222222222222221111111111111112222222222222222222211111111111111111111222222222222222
122222111112222222222111112222222222111111111122222222221111122222222221111111111222222222211111111112222222222111111111122222
212222122221111222222122221111222222111122222211111122221222211112222221111222222111111222211112222221111112222111111222211112
221222212221222111222212221222111222122211122211122211122122212221112221222111222111222111212221112221112221112111222111211121
222122221222122122112221222122122112212212211212211211212212221221221122122122112122112112121221221121221121121122112112111211
222212222122212212121222122212212121221221212121212112112221222122121212212212121212121121122122121212121211211212121121112111
222221222212221221211222212221221211222122121122121121112222122212212112221221211221211211122212212112212112111221211211121111
111111111111111111111111111111111111111111111111111111111111111111111111111111111111111111111111111111111111111111111111111111
111111111111111111111111111111111111111111111111111111112222222222222222222222222222222222222222222222222222222222222222222222
111111111111111111111222222222222222222222222222222222221111111111111111111111111111111111122222222222222222222222222222222222
111111222222222222222111111111111111222222222222222222221111111111111112222222222222222222211111111111111111111222222222222222
122222111112222222222111112222222222111111111122222222221111122222222221111111111222222222211111111112222222222111111111122222
212222122221111222222122221111222222111122222211111122221222211112222221111222222111111222211112222221111112222111111222211112
221222212221222111222212221222111222122211122211122211122122212221112221222111222111222111212221112221112221112111222111211121
222122221222122122112221222122122112212212211212211211212212221221221122122122112122112112121221221121221121121122112112111211
222212222122212212121222122212212121221221212121212112112221222122121212212212121212121121122122121212121211211212121121112111
222221222212221221211222212221221211222122121122121121112222122212212112221221211221211211122212212112212112111221211211121111
111111111111111111111111111111111111111111111111111111111111111111111111111111111111111111111111111111111111111111111111111111
111111111111111111111111111111111111111111111111111111112222222222222222222222222222222222222222222222222222222222222222222222
111111111111111111111222222222222222222222222222222222221111111111111111111111111111111111122222222222222222222222222222222222
111111222222222222222111111111111111222222222222222222221111111111111112222222222222222222211111111111111111111222222222222222
122222111112222222222111112222222222111111111122222222221111122222222221111111111222222222211111111112222222222111111111122222
212222122221111222222122221111222222111122222211111122221222211112222221111222222111111222211112222221111112222111111222211112
221222212221222111222212221222111222122211122211122211122122212221112221222111222111222111212221112221112221112111222111211121
222122221222122122112221222122122112212212211212211211212212221221221122122122112122112112121221221121221121121122112112111211
222212222122212212121222122212212121221221212121212112112221222122121212212212121212121121122122121212121211211212121121112111
222221222212221221211222212221221211222122121122121121112222122212212112221221211221211211122212212112212112111221211211121111
111111111111111111111111111111111111111111111111111111111111111111111111111111111111111111111111111111111111111111111111111111
111111111111111111111111111111111111111111111111111111112222222222222222222222222222222222222222222222222222222222222222222222
