10
1000
8 9
15 19
41 25
42 37
50 50
67 64
72 65
76 66
77 80
78 136
104 138
118 142
125 161
138 173
143 174
145 176
154 182
155 190
181 212
224 239
242 245
246 255
247 280
253 282
259 288
260 291
270 293
275 301
295 303
305 310
325 314
332 330
342 335
345 352
349 357
352 385
353 388
358 404
365 411
371 414
372 453
381 472
386 473
389 500
395 507
412 513
427 515
431 526
446 527
448 535
449 555
463 571
473 577
485 581
486 587
508 608
509 611
518 626
527 631
536 635
578 648
593 650
632 665
635 672
640 678
656 692
658 716
661 721
678 724
684 725
694 735
699 766
705 776
722 784
732 785
737 798
740 801
760 816
791 828
803 851
805 861
806 864
819 866
820 904
831 914
832 920
888 923
903 932
920 934
922 935
928 936
939 959
941 989
942 990
949 1003
958 1008
964 1011
978 1028
979 1038
998 1054
999 1058
1022 1089
1024 1092
1039 1093
1042 1112
1064 1115
1071 1122
1089 1133
1095 1149
1112 1150
1116 1152
1131 1177
1167 1178
1175 1180
1180 1213
1196 1214
1213 1216
1221 1220
1226 1271
1255 1275
1270 1286
1285 1288
1289 1294
1294 1299
1304 1314
1310 1327
1323 1329
1327 1334
1336 1335
1343 1339
1345 1360
1354 1372
1362 1389
1366 1409
1392 1412
1395 1413
1400 1416
1430 1418
1444 1420
1462 1429
1471 1435
1473 1437
1477 1439
1490 1442
1491 1464
1513 1468
1528 1514
1530 1521
1577 1531
1578 1534
1586 1542
1594 1550
1596 1554
1602 1557
1604 1559
1616 1563
1626 1567
1627 1580
1629 1590
1646 1595
1656 1607
1671 1612
1676 1622
1680 1625
1702 1630
1708 1637
1719 1663
1734 1664
1744 1665
1784 1679
1807 1700
1809 1709
1820 1713
1835 1725
1840 1727
1850 1730
1861 1731
1863 1764
1883 1766
1887 1770
1903 1778
1904 1791
1915 1814
1925 1820
1927 1839
1928 1849
1932 1852
1941 1876
1967 1904
1975 1905
1978 1908
1984 1926
1988 1946
1999 1948
2001 1950
2002 1952
2035 1953
2038 1954
2054 1960
2056 1968
2065 1974
2094 1977
2095 1984
2102 1997
2123 2006
2125 2019
2138 2024
2178 2026
2205 2044
2207 2055
2224 2057
2231 2078
2237 2089
2261 2090
2277 2094
2278 2102
2293 2103
2302 2104
2327 2106
2329 2119
2333 2130
2336 2133
2357 2135
2367 2136
2380 2139
2404 2149
2418 2157
2420 2172
2434 2181
2496 2185
2501 2196
2503 2211
2506 2213
2521 2215
2528 2219
2535 2241
2547 2242
2559 2251
2564 2257
2573 2258
2578 2277
2586 2286
2590 2301
2594 2302
2600 2303
2627 2306
2633 2308
2645 2324
2671 2328
2679 2332
2689 2369
2698 2380
2699 2399
2706 2408
2714 2423
2717 2435
2719 2457
2743 2463
2746 2464
2748 2470
2762 2480
2780 2536
2788 2547
2807 2560
2811 2578
2840 2579
2849 2626
2850 2664
2852 2680
2855 2686
2858 2689
2862 2699
2875 2710
2907 2713
2911 2747
2924 2757
2926 2790
2927 2791
2932 2793
2951 2803
2953 2805
2961 2808
2968 2832
2971 2833
2978 2845
2985 2848
2988 2855
2992 2856
2993 2858
3006 2863
3014 2866
3016 2879
3024 2880
3038 2896
3058 2904
3065 2926
3067 2927
3081 2951
3082 2953
3091 2955
3102 2979
3105 2981
3108 2983
3118 2985
3123 2995
3127 2999
3138 3008
3143 3031
3150 3035
3168 3036
3170 3073
3174 3074
3200 3078
3202 3095
3212 3104
3218 3110
3219 3124
3225 3127
3248 3134
3250 3138
3254 3142
3262 3145
3278 3156
3280 3159
3283 3169
3288 3178
3298 3185
3305 3210
3307 3215
3308 3267
3312 3272
3323 3297
3325 3311
3333 3321
3341 3361
3348 3385
3350 3390
3357 3394
3379 3401
3388 3404
3401 3409
3403 3439
3405 3451
3412 3456
3415 3458
3419 3464
3421 3470
3430 3498
3436 3504
3447 3512
3456 3516
3462 3524
3463 3534
3475 3547
3504 3554
3512 3572
3513 3577
3542 3583
3551 3650
3577 3682
3578 3762
3589 3772
3595 3774
3600 3775
3625 3780
3636 3784
3641 3793
3644 3798
3653 3806
3654 3807
3659 3815
3671 3817
3679 3835
3703 3856
3713 3861
3719 3865
3731 3887
3741 3900
3744 3903
3748 3910
3763 3935
3778 3939
3785 3942
3788 3956
3789 3957
3790 3958
3796 3960
3814 3966
3822 3977
3829 3978
3833 3982
3836 3984
3837 3998
3845 4002
3851 4006
3862 4007
3877 4018
3888 4024
3900 4032
3907 4039
3915 4040
3928 4041
3933 4043
3936 4056
3963 4057
3992 4068
4011 4085
4023 4088
4033 4098
4038 4101
4040 4105
4063 4156
4064 4165
4065 4173
4070 4174
4077 4177
4087 4183
4088 4185
4099 4186
4103 4198
4109 4218
4118 4229
4123 4239
4135 4241
4150 4253
4151 4254
4161 4260
4168 4271
4181 4275
4184 4276
4209 4282
4210 4288
4219 4311
4221 4318
4222 4322
4255 4341
4258 4380
4261 4395
4262 4397
4268 4400
4286 4414
4287 4422
4292 4429
4297 4431
4301 4436
4302 4439
4303 4442
4305 4448
4327 4477
4330 4478
4342 4484
4347 4493
4348 4501
4366 4509
4378 4510
4379 4544
4385 4553
4392 4556
4436 4566
4446 4583
4464 4592
4476 4602
4487 4621
4497 4625
4501 4630
4507 4635
4533 4636
4559 4637
4561 4696
4568 4698
4571 4727
4600 4736
4610 4742
4611 4760
4620 4765
4632 4767
4643 4783
4653 4787
4662 4791
4665 4806
4681 4809
4682 4818
4688 4821
4691 4837
4699 4841
4709 4844
4715 4864
4723 4877
4737 4885
4739 4899
4746 4905
4752 4925
4757 4928
4777 4932
4783 4948
4788 4951
4807 4957
4809 4986
4810 4997
4818 5000
4822 5007
4831 5031
4834 5045
4835 5053
4849 5064
4867 5066
4871 5067
4884 5069
4889 5076
4895 5084
4898 5087
4922 5096
4924 5103
4931 5122
4938 5123
4939 5129
4954 5134
4959 5140
4963 5141
4976 5162
4980 5170
4982 5195
4987 5198
4999 5202
5002 5209
5003 5211
5011 5216
5012 5221
5018 5226
5020 5228
5028 5244
5033 5253
5052 5262
5053 5285
5055 5296
5062 5299
5065 5305
5068 5313
5069 5314
5077 5325
5090 5335
5097 5340
5113 5341
5122 5347
5124 5361
5126 5363
5140 5413
5142 5417
5144 5421
5155 5423
5159 5428
5170 5443
5173 5452
5181 5463
5183 5466
5191 5472
5205 5476
5209 5477
5228 5483
5260 5492
5262 5498
5265 5499
5286 5504
5290 5516
5305 5538
5323 5547
5325 5557
5327 5573
5338 5581
5346 5582
5351 5590
5355 5609
5387 5629
5397 5642
5419 5662
5426 5697
5430 5719
5431 5725
5440 5733
5444 5744
5446 5745
5461 5752
5468 5754
5473 5771
5477 5789
5490 5805
5503 5807
5518 5812
5537 5819
5544 5823
5554 5830
5557 5831
5558 5839
5565 5877
5578 5898
5599 5899
5616 5900
5622 5922
5625 5935
5627 5938
5657 5951
5678 5969
5689 5978
5703 5986
5708 5993
5718 6012
5742 6013
5763 6042
5766 6053
5790 6057
5804 6067
5809 6069
5828 6075
5836 6080
5856 6095
5869 6124
5871 6125
5879 6134
5887 6136
5892 6141
5912 6148
5916 6165
5921 6196
5937 6198
5939 6200
5952 6217
5962 6248
5963 6256
5979 6275
5993 6282
5999 6284
6010 6287
6018 6293
6055 6300
6068 6317
6082 6354
6094 6359
6110 6361
6115 6376
6116 6400
6125 6404
6133 6420
6143 6436
6151 6440
6159 6450
6165 6453
6176 6490
6191 6508
6198 6521
6201 6526
6206 6531
6223 6545
6227 6567
6256 6568
6262 6572
6292 6577
6316 6583
6320 6588
6343 6594
6375 6615
6377 6617
6378 6628
6428 6656
6430 6662
6433 6670
6455 6677
6465 6716
6491 6729
6496 6745
6502 6750
6510 6760
6513 6768
6534 6782
6587 6797
6590 6807
6598 6813
6631 6822
6635 6823
6643 6824
6645 6826
6646 6827
6649 6856
6652 6870
6653 6882
6660 6911
6664 6927
6680 6930
6685 6932
6691 6945
6699 6950
6718 6963
6732 6966
6734 6975
6737 6984
6738 7011
6756 7016
6785 7030
6796 7037
6819 7044
6823 7045
6839 7049
6845 7056
6863 7070
6865 7090
6876 7097
6877 7126
6884 7134
6891 7143
6893 7151
6895 7179
6896 7186
6898 7203
6904 7211
6916 7221
6922 7224
6927 7228
6934 7245
6937 7252
6953 7260
6963 7266
6980 7284
6985 7287
6996 7292
7004 7303
7017 7313
7037 7323
7042 7331
7054 7332
7057 7333
7067 7342
7092 7348
7111 7350
7130 7352
7133 7361
7140 7374
7146 7401
7151 7406
7169 7411
7194 7415
7205 7417
7227 7422
7231 7426
7235 7429
7241 7433
7247 7436
7250 7438
7254 7440
7278 7444
7297 7503
7331 7526
7357 7528
7381 7541
7403 7556
7417 7561
7426 7566
7447 7574
7453 7586
7491 7588
7497 7598
7498 7599
7512 7603
7513 7604
7544 7606
7550 7608
7551 7618
7565 7623
7567 7627
7571 7628
7577 7629
7585 7645
7604 7647
7615 7668
7623 7681
7631 7685
7654 7692
7660 7720
7675 7726
7696 7744
7735 7760
7739 7767
7742 7772
7744 7774
7749 7776
7755 7779
7790 7782
7792 7806
7794 7819
7811 7865
7833 7873
7854 7913
7890 7934
7910 7955
7913 7967
7916 7999
7921 8001
7925 8008
7950 8012
7951 8015
7955 8017
7958 8033
7959 8036
7967 8051
7971 8055
7975 8059
7987 8062
7990 8066
7991 8092
8016 8094
8025 8099
8033 8110
8042 8117
8053 8124
8068 8131
8072 8132
8093 8133
8095 8134
8101 8135
8112 8153
8114 8155
8120 8158
8128 8161
8131 8164
8135 8193
8168 8208
8183 8215
8190 8216
8191 8231
8212 8239
8225 8251
8230 8255
8236 8265
8241 8270
8250 8279
8283 8295
8296 8311
8297 8317
8299 8318
8306 8322
8308 8327
8309 8330
8311 8331
8323 8364
8324 8374
8327 8376
8338 8380
8345 8400
8364 8404
8366 8412
8375 8431
8385 8433
8412 8434
8423 8450
8446 8454
8470 8463
8479 8465
8482 8478
8497 8480
8506 8498
8510 8527
8519 8532
8543 8554
8547 8557
8570 8561
8585 8563
8597 8579
8599 8581
8606 8595
8611 8608
8639 8623
8644 8630
8648 8648
8651 8661
8652 8674
8658 8716
8659 8720
8665 8721
8666 8752
8691 8757
8694 8791
8698 8793
8701 8796
8712 8799
8718 8804
8728 8851
8733 8858
8741 8859
8742 8870
8760 8874
8768 8898
8783 8913
8791 8915
8800 8922
8808 8938
8811 8940
8814 8950
8827 8962
8863 8971
8866 8976
8881 8991
8891 8993
8904 9021
8941 9024
8951 9025
8953 9026
8961 9028
9002 9030
9012 9033
9016 9038
9023 9041
9028 9044
9041 9064
9049 9065
9078 9085
9101 9100
9113 9102
9115 9108
9129 9130
9139 9142
9140 9146
9141 9147
9150 9153
9157 9170
9168 9176
9174 9178
9212 9186
9238 9192
9245 9198
9246 9202
9292 9209
9309 9211
9333 9219
9340 9231
9349 9237
9369 9257
9393 9259
9403 9280
9449 9281
9456 9283
9464 9290
9476 9296
9481 9314
9484 9336
9485 9354
9487 9381
9499 9382
9502 9391
9503 9422
9505 9425
9540 9433
9553 9446
9555 9447
9560 9455
9563 9469
9568 9485
9570 9487
9576 9490
9583 9505
9603 9510
9614 9511
9622 9519
9634 9533
9637 9538
9641 9543
9656 9563
9659 9605
9670 9609
9678 9613
9691 9617
9695 9619
9705 9623
9710 9655
9714 9667
9716 9671
9723 9689
9732 9704
9744 9707
9751 9715
9761 9718
9772 9746
9781 9762
9786 9766
9792 9776
9799 9778
9802 9786
9805 9791
9844 9805
9867 9808
9896 9815
9900 9817
9903 9819
9908 9820
9915 9821
9917 9868
9927 9869
9940 9878
9964 9914
9967 9915
9968 9921
9978 9956
9989 9976
1000
10 4
17 9
38 34
40 44
59 45
67 53
68 59
69 71
82 74
96 83
97 86
99 90
101 96
104 98
105 103
107 115
112 122
131 124
142 129
143 138
171 140
181 157
192 167
210 178
219 190
221 205
234 209
262 210
272 213
275 243
294 250
299 255
304 264
316 268
318 274
331 298
332 307
338 326
344 329
352 349
366 350
376 356
378 358
395 359
398 360
413 368
446 373
455 382
484 401
493 407
498 446
509 467
534 477
548 479
552 507
562 524
578 527
579 542
596 559
640 572
658 577
663 582
665 584
699 599
706 608
736 614
757 628
759 654
798 667
808 687
836 688
840 695
858 697
872 704
882 712
885 716
891 730
892 736
904 753
918 754
922 755
925 765
926 795
929 797
938 801
943 808
970 835
973 863
974 926
976 931
979 938
980 941
981 958
982 961
1007 971
1048 981
1055 1002
1062 1010
1075 1049
1078 1072
1080 1099
1090 1100
1097 1115
1102 1128
1112 1130
1117 1134
1127 1143
1133 1147
1134 1152
1141 1162
1143 1170
1148 1173
1153 1178
1165 1184
1190 1185
1191 1193
1241 1214
1246 1267
1249 1269
1253 1285
1257 1302
1261 1314
1262 1322
1267 1331
1277 1336
1284 1343
1294 1357
1311 1363
1314 1367
1318 1370
1319 1377
1330 1392
1355 1400
1370 1409
1414 1414
1418 1415
1429 1420
1440 1426
1453 1428
1454 1475
1456 1479
1470 1493
1493 1496
1496 1516
1503 1521
1511 1531
1518 1543
1523 1548
1533 1549
1539 1562
1546 1566
1553 1569
1560 1579
1579 1595
1603 1601
1608 1621
1638 1629
1657 1655
1671 1658
1675 1665
1721 1669
1727 1726
1732 1727
1763 1730
1765 1731
1776 1732
1777 1742
1784 1777
1785 1784
1795 1787
1798 1802
1802 1804
1803 1810
1814 1825
1839 1846
1842 1854
1850 1859
1863 1864
1866 1868
1872 1878
1877 1915
1891 1917
1898 1947
1901 1964
1904 1982
1907 1985
1917 1994
1947 1997
1956 2016
1961 2018
1986 2019
1990 2021
1992 2028
1994 2029
1996 2030
1999 2035
2008 2056
2034 2060
2042 2062
2045 2063
2060 2076
2065 2102
2068 2124
2070 2139
2072 2147
2076 2157
2091 2162
2096 2174
2117 2179
2118 2183
2136 2186
2166 2191
2168 2194
2175 2200
2182 2202
2200 2211
2213 2217
2228 2229
2229 2241
2250 2242
2258 2252
2261 2285
2264 2289
2274 2313
2295 2322
2296 2345
2303 2348
2304 2367
2311 2371
2321 2377
2323 2384
2333 2404
2335 2416
2350 2439
2353 2442
2355 2447
2368 2464
2381 2509
2401 2515
2411 2518
2425 2519
2427 2522
2428 2524
2439 2542
2440 2547
2442 2551
2444 2556
2462 2559
2470 2574
2503 2612
2512 2623
2520 2641
2523 2663
2556 2686
2558 2691
2568 2705
2581 2720
2590 2724
2597 2728
2602 2762
2611 2770
2617 2771
2648 2775
2652 2791
2658 2796
2667 2801
2682 2816
2688 2820
2700 2824
2714 2837
2730 2844
2737 2849
2765 2853
2766 2878
2772 2882
2775 2894
2787 2897
2788 2899
2802 2901
2835 2963
2837 2975
2855 2981
2901 2989
2904 2991
2911 2998
2925 3008
2938 3030
2945 3040
2963 3054
2982 3070
3000 3071
3003 3087
3027 3088
3031 3091
3046 3097
3049 3109
3050 3118
3056 3124
3060 3130
3067 3137
3079 3148
3098 3156
3105 3166
3107 3171
3112 3172
3131 3197
3136 3216
3141 3229
3147 3239
3153 3251
3166 3254
3196 3257
3220 3263
3221 3274
3223 3305
3226 3315
3233 3328
3245 3347
3254 3348
3255 3364
3276 3380
3279 3386
3288 3400
3297 3407
3318 3409
3319 3430
3325 3438
3335 3448
3358 3452
3375 3460
3389 3465
3398 3472
3399 3480
3403 3482
3407 3520
3408 3524
3431 3526
3441 3527
3451 3530
3464 3547
3503 3552
3511 3567
3524 3574
3542 3575
3548 3589
3556 3592
3579 3602
3582 3614
3586 3617
3603 3629
3606 3630
3610 3644
3667 3651
3683 3664
3686 3693
3693 3694
3705 3701
3726 3704
3731 3710
3733 3712
3757 3717
3759 3721
3773 3774
3785 3796
3797 3799
3801 3817
3802 3821
3803 3832
3807 3835
3824 3859
3833 3861
3852 3870
3855 3880
3884 3881
3927 3887
3932 3893
3934 3907
3958 3913
3962 3919
3967 3930
3998 3950
4001 3954
4009 3957
4017 3968
4040 3974
4055 4009
4070 4024
4075 4054
4091 4067
4106 4069
4128 4078
4133 4091
4149 4106
4151 4109
4154 4122
4165 4125
4167 4130
4174 4146
4179 4159
4215 4160
4218 4170
4256 4176
4277 4179
4290 4186
4292 4187
4304 4191
4321 4203
4327 4215
4331 4220
4339 4221
4345 4225
4364 4229
4377 4237
4387 4245
4388 4264
4408 4282
4415 4287
4439 4294
4460 4296
4497 4301
4502 4311
4504 4330
4507 4377
4514 4384
4520 4387
4525 4402
4535 4406
4536 4440
4538 4456
4540 4479
4543 4501
4556 4507
4570 4513
4586 4523
4598 4541
4614 4548
4616 4561
4630 4564
4634 4579
4635 4584
4641 4590
4644 4593
4661 4602
4663 4609
4669 4626
4674 4630
4686 4637
4692 4642
4693 4657
4705 4674
4708 4695
4711 4700
4712 4701
4714 4706
4719 4714
4723 4715
4727 4720
4734 4734
4735 4755
4764 4761
4790 4793
4795 4799
4796 4800
4804 4805
4807 4806
4827 4815
4835 4844
4882 4848
4886 4875
4889 4883
4892 4888
4898 4909
4912 4916
4918 4919
4937 4942
4938 4943
4943 4946
4969 4957
4971 4963
4976 4969
4980 4977
4983 4990
4988 4994
5005 4998
5009 5000
5010 5003
5035 5017
5038 5019
5040 5026
5049 5038
5062 5065
5079 5069
5084 5086
5183 5100
5186 5106
5195 5115
5203 5119
5209 5121
5233 5123
5238 5129
5242 5135
5248 5138
5271 5141
5276 5168
5303 5171
5312 5175
5317 5181
5340 5198
5347 5202
5358 5208
5369 5209
5378 5221
5395 5231
5405 5233
5409 5255
5414 5275
5441 5298
5443 5313
5459 5321
5461 5327
5501 5341
5528 5353
5539 5367
5548 5373
5552 5381
5555 5410
5566 5412
5576 5424
5585 5431
5602 5433
5606 5458
5625 5461
5626 5465
5627 5470
5640 5471
5642 5486
5668 5512
5687 5521
5735 5526
5745 5534
5748 5536
5763 5561
5770 5569
5771 5579
5774 5590
5803 5610
5819 5614
5826 5615
5831 5621
5834 5646
5845 5648
5847 5651
5852 5669
5876 5676
5878 5686
5880 5709
5882 5729
5886 5734
5890 5742
5892 5744
5907 5746
5923 5755
5924 5762
5926 5778
5934 5791
5940 5798
5950 5800
5956 5805
5964 5806
5984 5824
5987 5828
6011 5832
6015 5843
6016 5855
6025 5863
6029 5867
6041 5868
6042 5870
6048 5880
6055 5888
6062 5892
6080 5897
6085 5898
6091 5903
6103 5912
6104 5916
6109 5937
6116 5938
6141 5943
6145 5951
6152 5979
6178 5981
6181 5988
6193 5992
6213 6030
6214 6037
6225 6056
6229 6078
6232 6082
6237 6083
6239 6092
6244 6099
6263 6103
6294 6118
6306 6124
6311 6125
6321 6126
6335 6130
6348 6175
6350 6190
6351 6207
6368 6226
6383 6230
6385 6233
6389 6240
6399 6247
6400 6258
6401 6260
6413 6294
6417 6302
6419 6305
6422 6314
6427 6316
6444 6327
6464 6332
6479 6340
6493 6347
6517 6348
6549 6349
6563 6354
6569 6357
6571 6361
6572 6393
6576 6399
6588 6401
6589 6427
6633 6451
6642 6467
6648 6503
6651 6506
6659 6513
6699 6516
6700 6555
6706 6565
6709 6578
6718 6593
6719 6598
6725 6606
6727 6612
6728 6621
6730 6630
6732 6661
6740 6665
6746 6673
6763 6691
6794 6695
6818 6709
6819 6734
6826 6739
6836 6749
6846 6776
6853 6781
6855 6816
6857 6817
6867 6819
6872 6824
6892 6825
6898 6826
6921 6832
6924 6837
6944 6845
6953 6858
6954 6867
6960 6886
6964 6887
6982 6890
6989 6911
6992 6917
6998 6932
7003 6940
7035 6956
7055 6975
7066 6980
7074 6987
7088 7000
7093 7001
7102 7002
7106 7005
7110 7008
7112 7031
7143 7045
7144 7048
7148 7054
7159 7062
7166 7064
7169 7067
7176 7070
7187 7097
7214 7101
7226 7110
7233 7121
7239 7123
7242 7131
7248 7140
7250 7141
7269 7151
7271 7152
7272 7161
7281 7166
7286 7201
7293 7207
7299 7211
7300 7214
7323 7231
7342 7244
7345 7245
7351 7250
7360 7266
7384 7268
7400 7271
7404 7275
7415 7280
7429 7287
7458 7296
7469 7306
7473 7308
7499 7321
7509 7333
7511 7334
7521 7339
7524 7348
7526 7355
7557 7377
7578 7401
7605 7408
7619 7416
7630 7418
7631 7424
7651 7440
7661 7442
7663 7448
7665 7454
7667 7456
7680 7467
7696 7478
7703 7480
7722 7491
7750 7496
7772 7515
7781 7534
7782 7543
7784 7559
7790 7569
7817 7573
7856 7575
7878 7582
7892 7587
7895 7589
7903 7594
7905 7603
7907 7619
7923 7621
7925 7622
7926 7623
7936 7635
7937 7643
7940 7645
7946 7651
7950 7662
8055 7667
8060 7676
8062 7690
8067 7692
8073 7706
8087 7712
8100 7729
8106 7738
8107 7746
8121 7747
8126 7751
8128 7755
8129 7756
8143 7757
8149 7765
8152 7769
8155 7792
8170 7827
8192 7830
8209 7842
8214 7850
8221 7852
8224 7858
8241 7860
8252 7882
8261 7888
8290 7892
8291 7893
8299 7900
8304 7915
8324 7923
8331 7932
8333 7938
8334 7944
8335 7946
8339 7972
8340 7987
8345 8017
8352 8029
8353 8033
8359 8040
8379 8046
8398 8051
8399 8065
8402 8092
8405 8103
8409 8105
8438 8125
8440 8127
8450 8137
8455 8147
8460 8170
8464 8176
8480 8197
8482 8200
8495 8201
8497 8205
8516 8216
8525 8226
8527 8243
8561 8254
8564 8258
8589 8267
8590 8289
8600 8299
8615 8303
8616 8308
8636 8316
8643 8331
8662 8333
8668 8359
8677 8397
8687 8448
8701 8451
8706 8459
8717 8462
8719 8471
8728 8476
8731 8478
8733 8509
8734 8532
8735 8541
8750 8553
8752 8559
8755 8567
8763 8582
8777 8584
8796 8596
8819 8610
8820 8617
8831 8641
8839 8642
8859 8647
8877 8648
8887 8650
8891 8663
8899 8667
8905 8677
8906 8679
8907 8686
8928 8688
8930 8696
8937 8699
8944 8710
8949 8717
8950 8724
8969 8732
8978 8763
8988 8776
8998 8788
9007 8799
9019 8803
9024 8815
9030 8824
9032 8830
9037 8838
9067 8842
9073 8844
9081 8846
9086 8848
9089 8853
9091 8883
9092 8901
9107 8902
9114 8929
9127 8948
9139 8952
9141 8968
9142 8989
9143 8990
9180 8991
9189 8995
9194 9013
9202 9032
9230 9040
9235 9056
9240 9065
9248 9066
9249 9079
9254 9082
9257 9088
9266 9091
9269 9095
9299 9113
9303 9133
9304 9139
9310 9155
9324 9159
9348 9169
9350 9177
9360 9205
9361 9207
9389 9213
9405 9221
9409 9287
9428 9290
9440 9300
9445 9303
9457 9304
9460 9305
9463 9317
9475 9324
9476 9349
9486 9351
9497 9365
9511 9369
9514 9378
9536 9379
9550 9401
9557 9411
9560 9432
9569 9446
9575 9453
9579 9461
9602 9481
9611 9488
9614 9493
9619 9516
9627 9533
9633 9552
9634 9558
9648 9562
9653 9570
9654 9572
9662 9597
9675 9605
9687 9608
9689 9611
9698 9623
9700 9655
9703 9684
9705 9686
9711 9687
9714 9689
9727 9714
9728 9715
9748 9719
9754 9740
9755 9759
9759 9766
9770 9768
9777 9777
9784 9779
9789 9784
9808 9789
9809 9792
9811 9818
9844 9834
9846 9840
9847 9857
9856 9858
9859 9862
9863 9876
9864 9885
9880 9888
9914 9891
9921 9911
9922 9921
9924 9929
9925 9949
9931 9964
9935 9971
9936 9988
9938 9991
9953 9994
9960 9999
9966 1
9977 1
9979 1
9984 1
9995 1
1000
1 47
8 55
28 81
33 91
34 95
48 113
59 120
61 137
70 138
76 161
88 173
91 175
102 178
127 190
156 201
158 206
170 216
173 227
175 232
177 235
181 245
198 256
212 259
213 279
223 287
233 306
235 343
241 346
245 347
247 354
278 356
320 361
366 378
367 380
376 393
381 407
386 415
408 427
424 430
433 431
454 437
494 438
533 441
536 444
546 496
564 519
585 521
593 534
607 537
613 539
618 572
649 585
658 590
683 617
696 627
713 629
725 633
734 635
745 636
751 644
755 653
758 659
760 673
768 674
778 695
793 708
801 725
810 735
826 737
834 738
839 739
842 740
850 741
866 750
884 756
895 760
920 776
939 781
949 790
953 793
961 798
964 816
995 824
1009 826
1012 832
1027 838
1041 848
1059 850
1066 857
1071 885
1072 887
1073 903
1077 907
1088 918
1093 950
1094 961
1104 962
1106 977
1114 996
1115 1014
1116 1017
1126 1041
1132 1071
1148 1079
1152 1081
1156 1090
1160 1109
1161 1117
1174 1122
1180 1127
1185 1133
1203 1142
1204 1160
1208 1164
1227 1169
1232 1175
1304 1176
1308 1184
1326 1198
1329 1210
1330 1216
1345 1217
1351 1228
1357 1230
1360 1238
1374 1239
1392 1243
1400 1244
1408 1267
1439 1268
1443 1276
1446 1278
1451 1287
1454 1295
1462 1303
1477 1308
1485 1312
1492 1329
1500 1331
1508 1336
1520 1344
1531 1351
1533 1354
1540 1358
1543 1364
1557 1370
1596 1389
1599 1393
1614 1401
1636 1403
1643 1415
1656 1417
1664 1430
1669 1441
1670 1453
1671 1460
1674 1471
1692 1480
1696 1485
1700 1487
1707 1494
1736 1496
1753 1505
1754 1542
1774 1543
1779 1544
1781 1552
1799 1559
1800 1585
1808 1598
1811 1603
1819 1604
1825 1613
1842 1630
1865 1648
1872 1652
1873 1677
1876 1721
1880 1727
1888 1728
1889 1737
1898 1748
1900 1751
1904 1756
1907 1771
1910 1782
1918 1787
1930 1791
1934 1796
1939 1814
1960 1820
1971 1832
1972 1833
1979 1862
2005 1865
2025 1873
2026 1892
2046 1897
2052 1904
2070 1906
2076 1917
2086 1921
2089 1923
2092 1940
2095 1954
2115 1968
2127 1996
2141 2003
2153 2013
2167 2051
2175 2053
2179 2056
2191 2094
2196 2095
2197 2105
2201 2118
2220 2127
2221 2130
2232 2131
2248 2132
2252 2133
2257 2139
2268 2145
2290 2168
2296 2180
2297 2206
2300 2208
2308 2220
2318 2245
2334 2246
2345 2254
2368 2258
2369 2259
2371 2262
2372 2269
2376 2283
2392 2288
2401 2289
2418 2290
2421 2299
2437 2304
2438 2308
2450 2318
2455 2323
2467 2326
2468 2340
2475 2341
2485 2349
2508 2350
2519 2354
2522 2382
2527 2385
2535 2402
2575 2423
2595 2429
2622 2448
2644 2459
2650 2466
2672 2475
2684 2490
2692 2495
2694 2531
2702 2544
2703 2548
2715 2565
2718 2567
2721 2572
2724 2593
2736 2597
2754 2604
2763 2607
2770 2615
2780 2618
2788 2622
2801 2635
2804 2643
2849 2646
2874 2648
2878 2664
2890 2675
2906 2701
2917 2702
2936 2703
2951 2705
2963 2733
2975 2735
2976 2739
2981 2742
2983 2751
2988 2752
2992 2765
2993 2776
3022 2784
3025 2787
3032 2815
3034 2827
3077 2847
3082 2859
3100 2866
3103 2872
3111 2878
3116 2899
3122 2902
3123 2907
3125 2910
3171 2911
3175 2931
3222 2933
3228 2940
3239 2942
3243 2958
3244 2978
3255 2979
3256 2980
3258 2986
3275 2998
3283 3007
3295 3017
3349 3019
3353 3032
3354 3055
3355 3057
3356 3058
3367 3086
3371 3090
3386 3096
3387 3130
3411 3145
3412 3151
3419 3157
3420 3163
3425 3171
3437 3178
3445 3203
3453 3204
3484 3208
3508 3217
3518 3228
3543 3236
3581 3240
3590 3256
3597 3278
3599 3284
3609 3287
3611 3295
3643 3303
3696 3320
3703 3329
3704 3330
3705 3349
3708 3356
3713 3361
3724 3366
3738 3416
3744 3419
3750 3424
3764 3432
3771 3436
3778 3450
3786 3453
3787 3468
3789 3483
3793 3486
3797 3496
3816 3504
3819 3530
3836 3531
3849 3538
3856 3541
3857 3560
3870 3574
3873 3575
3896 3577
3903 3613
3904 3616
3935 3623
3952 3626
3965 3627
3972 3633
3986 3641
3989 3646
3990 3647
3997 3651
4000 3656
4004 3661
4006 3672
4016 3695
4018 3699
4045 3702
4047 3710
4048 3723
4052 3753
4057 3764
4069 3773
4094 3783
4095 3786
4099 3799
4107 3812
4112 3824
4115 3836
4133 3837
4136 3839
4138 3858
4185 3867
4204 3885
4207 3903
4222 3918
4223 3921
4236 3946
4247 3950
4249 3966
4254 3968
4275 3985
4276 4000
4282 4029
4285 4034
4295 4036
4303 4038
4327 4042
4330 4081
4343 4103
4354 4111
4356 4112
4377 4114
4390 4124
4396 4125
4402 4126
4407 4141
4431 4142
4433 4149
4445 4170
4460 4178
4467 4196
4479 4205
4489 4217
4492 4224
4504 4229
4512 4231
4524 4264
4529 4280
4573 4283
4577 4291
4588 4316
4595 4317
4597 4325
4598 4344
4609 4361
4616 4374
4619 4390
4638 4392
4660 4395
4692 4403
4718 4408
4730 4411
4742 4413
4746 4416
4749 4460
4751 4469
4757 4488
4769 4491
4772 4502
4782 4511
4826 4521
4831 4526
4833 4547
4834 4556
4862 4569
4863 4574
4875 4583
4884 4589
4885 4594
4922 4602
4923 4612
4929 4613
4935 4623
4946 4628
4970 4632
4976 4635
4978 4656
4979 4660
5008 4672
5009 4703
5013 4704
5020 4713
5027 4734
5032 4753
5036 4760
5045 4765
5048 4768
5051 4769
5053 4771
5055 4773
5056 4782
5063 4792
5092 4796
5107 4803
5112 4821
5115 4841
5128 4848
5144 4871
5148 4882
5162 4890
5167 4903
5169 4910
5173 4925
5180 4953
5206 4964
5234 4968
5241 4976
5251 4980
5253 4981
5259 4987
5267 5004
5270 5016
5275 5028
5281 5034
5284 5038
5285 5054
5286 5055
5293 5069
5299 5077
5311 5089
5312 5096
5313 5103
5314 5109
5336 5116
5349 5123
5350 5126
5384 5154
5393 5163
5395 5202
5397 5219
5408 5231
5420 5246
5421 5247
5425 5251
5431 5260
5434 5271
5436 5275
5441 5279
5444 5287
5446 5305
5449 5315
5454 5322
5466 5323
5469 5343
5490 5348
5504 5352
5506 5363
5511 5374
5546 5384
5565 5387
5574 5390
5579 5405
5609 5410
5619 5422
5623 5426
5633 5435
5639 5440
5670 5442
5674 5443
5685 5454
5686 5455
5703 5456
5704 5463
5709 5469
5714 5483
5731 5498
5738 5502
5744 5522
5752 5524
5755 5526
5765 5529
5789 5542
5792 5549
5803 5566
5806 5570
5813 5603
5825 5614
5832 5625
5837 5629
5842 5651
5845 5652
5846 5657
5852 5677
5853 5678
5857 5686
5868 5687
5871 5689
5877 5694
5879 5700
5884 5702
5891 5706
5912 5736
5923 5737
5949 5739
5956 5748
5961 5762
5968 5795
5978 5826
5979 5830
5999 5833
6002 5838
6008 5840
6022 5842
6040 5858
6047 5861
6051 5867
6056 5868
6065 5872
6102 5886
6104 5888
6141 5893
6145 5894
6150 5902
6160 5921
6188 5926
6199 5934
6200 5939
6216 5943
6217 5967
6218 5971
6222 6003
6242 6017
6247 6023
6256 6029
6259 6042
6262 6048
6264 6051
6282 6052
6292 6068
6301 6081
6308 6087
6318 6093
6319 6094
6320 6100
6350 6103
6374 6109
6382 6125
6385 6127
6397 6162
6415 6163
6420 6172
6428 6181
6429 6195
6434 6199
6435 6222
6446 6230
6459 6242
6463 6266
6483 6272
6505 6277
6512 6281
6515 6299
6518 6313
6520 6333
6522 6334
6536 6357
6540 6362
6544 6413
6560 6436
6570 6447
6588 6454
6597 6471
6610 6475
6612 6481
6616 6484
6619 6486
6659 6499
6667 6513
6677 6514
6691 6535
6695 6544
6704 6547
6719 6553
6726 6569
6729 6581
6739 6584
6747 6588
6749 6592
6756 6603
6765 6624
6785 6645
6788 6654
6790 6656
6792 6699
6794 6703
6802 6714
6804 6717
6807 6724
6817 6726
6821 6730
6825 6735
6838 6764
6844 6786
6855 6803
6857 6805
6886 6835
6890 6837
6895 6841
6912 6845
6931 6886
6932 6890
6941 6894
6948 6895
6953 6897
6956 6899
6972 6917
6988 6922
6998 6923
6999 6936
7035 6947
7042 6986
7043 6988
7051 6989
7052 6992
7060 6998
7062 7001
7078 7003
7080 7012
7081 7013
7102 7025
7119 7030
7120 7049
7133 7050
7143 7054
7152 7061
7171 7098
7172 7100
7188 7107
7189 7122
7191 7123
7207 7124
7209 7127
7211 7136
7215 7139
7216 7140
7228 7153
7233 7162
7235 7164
7250 7196
7271 7206
7272 7219
7281 7226
7284 7235
7286 7245
7291 7254
7313 7265
7330 7267
7337 7275
7341 7281
7342 7286
7347 7295
7354 7299
7359 7300
7374 7301
7376 7316
7386 7326
7387 7351
7390 7354
7392 7365
7395 7367
7399 7368
7417 7370
7422 7372
7425 7416
7426 7428
7431 7431
7435 7437
7460 7443
7469 7449
7486 7451
7498 7457
7501 7458
7502 7464
7505 7473
7514 7479
7525 7483
7526 7496
7548 7502
7551 7508
7582 7510
7592 7516
7610 7540
7611 7547
7635 7548
7647 7565
7672 7568
7698 7580
7703 7594
7705 7603
7706 7615
7727 7623
7734 7643
7736 7653
7751 7655
7766 7665
7793 7670
7799 7697
7813 7715
7816 7727
7829 7751
7844 7775
7898 7793
7901 7797
7903 7840
7916 7842
7918 7844
7920 7872
7936 7885
7937 7886
7954 7904
7958 7915
7962 7945
7974 7975
7978 7981
7983 7983
7988 7990
8026 8003
8036 8006
8038 8019
8041 8024
8068 8040
8079 8048
8098 8051
8099 8059
8126 8068
8127 8069
8136 8100
8145 8119
8158 8120
8163 8129
8198 8140
8208 8148
8210 8153
8211 8185
8218 8191
8227 8192
8240 8201
8248 8208
8249 8230
8273 8241
8274 8266
8340 8271
8371 8276
8374 8284
8382 8289
8402 8293
8403 8295
8410 8330
8419 8332
8433 8346
8440 8353
8455 8358
8457 8359
8472 8363
8476 8378
8482 8383
8488 8403
8494 8404
8504 8412
8505 8424
8509 8448
8512 8457
8535 8462
8543 8473
8560 8490
8595 8503
8601 8509
8613 8519
8619 8520
8666 8522
8670 8526
8676 8539
8682 8572
8685 8577
8686 8593
8696 8614
8701 8631
8702 8632
8707 8645
8710 8647
8715 8663
8736 8665
8738 8680
8765 8695
8768 8705
8815 8713
8830 8720
8833 8726
8840 8731
8848 8736
8873 8755
8890 8758
8901 8760
8902 8782
8907 8784
8913 8791
8917 8801
8940 8808
8945 8812
8959 8836
8960 8849
8966 8850
8967 8854
8983 8863
8991 8881
9002 8885
9003 8891
9018 8895
9027 8905
9045 8912
9057 8922
9066 8927
9104 8933
9118 8944
9120 8951
9122 8953
9129 8970
9132 8977
9152 8989
9157 8990
9158 8998
9159 8999
9160 9017
9170 9019
9176 9022
9190 9036
9216 9038
9221 9060
9235 9084
9262 9090
9269 9091
9270 9099
9282 9116
9286 9144
9295 9166
9312 9168
9317 9178
9322 9186
9334 9189
9345 9195
9371 9197
9372 9213
9404 9240
9409 9271
9427 9312
9435 9326
9440 9345
9458 9353
9459 9360
9465 9382
9472 9388
9491 9405
9493 9431
9509 9434
9532 9436
9534 9442
9535 9447
9536 9465
9540 9470
9567 9484
9575 9497
9585 9505
9599 9522
9619 9530
9627 9552
9630 9563
9637 9567
9639 9577
9673 9583
9701 9594
9727 9613
9736 9616
9742 9618
9751 9624
9763 9625
9773 9627
9774 9640
9782 9654
9787 9694
9799 9726
9822 9755
9833 9778
9841 9781
9862 9787
9865 9797
9869 9820
9884 9829
9901 9836
9909 9845
9925 9846
9928 9850
9944 9854
9947 9868
9954 9886
9965 9890
9969 9917
9972 9929
9995 9950
1000
1 5
7 12
17 13
23 17
32 24
66 50
68 54
74 60
87 68
105 74
110 86
127 93
141 105
149 108
166 113
192 129
195 137
213 159
216 167
217 199
228 201
229 202
238 218
248 228
250 231
264 246
271 250
279 267
284 273
289 274
339 282
341 336
366 357
369 364
371 367
377 371
393 391
398 394
411 398
428 400
457 401
472 408
529 410
530 419
538 420
545 448
548 452
556 455
559 456
566 461
570 466
575 495
595 530
596 552
598 561
602 564
608 568
615 581
624 583
626 611
628 659
641 660
650 675
653 676
663 685
672 698
682 704
688 709
689 711
691 719
701 731
703 757
731 774
735 777
743 793
747 799
764 802
766 803
771 827
799 837
800 844
803 845
808 846
813 857
817 860
821 863
822 870
823 873
830 878
835 885
852 891
853 911
864 914
865 926
869 935
872 947
877 951
894 952
897 962
905 979
911 982
922 983
924 987
925 1002
948 1018
949 1019
951 1022
965 1056
970 1070
971 1079
985 1090
1002 1105
1005 1125
1008 1150
1014 1161
1021 1164
1028 1186
1031 1189
1059 1195
1085 1210
1087 1212
1094 1214
1110 1216
1111 1246
1115 1253
1124 1258
1132 1265
1145 1266
1162 1273
1170 1297
1195 1300
1217 1320
1227 1325
1229 1332
1240 1342
1257 1353
1266 1359
1270 1362
1279 1387
1291 1388
1293 1392
1308 1395
1328 1438
1330 1441
1333 1444
1336 1446
1355 1465
1379 1471
1391 1477
1393 1486
1421 1505
1422 1509
1443 1510
1451 1519
1456 1530
1457 1531
1458 1552
1470 1564
1477 1571
1478 1580
1489 1584
1490 1589
1497 1603
1500 1608
1521 1628
1522 1655
1527 1661
1530 1702
1558 1708
1568 1724
1570 1725
1584 1739
1586 1768
1587 1771
1602 1782
1617 1788
1623 1792
1626 1841
1642 1844
1655 1866
1661 1870
1676 1894
1699 1896
1704 1904
1715 1910
1727 1912
1738 1917
1762 1919
1780 1925
1795 1928
1803 1929
1804 1940
1865 1942
1873 1944
1876 1947
1878 1953
1879 1954
1880 1958
1896 1959
1897 1965
1901 1971
1903 1975
1928 1989
1929 1990
1936 1991
1937 2025
1942 2026
1954 2029
1963 2043
1983 2044
1985 2049
1989 2060
2004 2061
2043 2068
2049 2090
2069 2099
2086 2102
2091 2168
2099 2179
2104 2183
2108 2191
2111 2193
2126 2196
2127 2209
2139 2225
2142 2229
2143 2234
2158 2247
2160 2248
2175 2270
2211 2296
2214 2301
2219 2317
2243 2320
2266 2333
2272 2337
2288 2362
2291 2404
2295 2405
2339 2409
2354 2421
2374 2450
2375 2451
2387 2453
2401 2456
2408 2457
2423 2459
2427 2460
2428 2479
2453 2489
2464 2502
2466 2513
2477 2514
2544 2519
2546 2528
2562 2583
2569 2599
2586 2615
2600 2624
2601 2632
2609 2635
2617 2636
2649 2642
2684 2650
2685 2659
2688 2668
2693 2675
2695 2687
2708 2689
2720 2698
2727 2714
2735 2716
2736 2730
2738 2735
2749 2738
2755 2743
2758 2748
2761 2749
2762 2750
2769 2751
2772 2759
2783 2762
2792 2771
2799 2785
2815 2789
2827 2794
2848 2801
2854 2804
2865 2809
2866 2845
2873 2870
2888 2872
2895 2898
2898 2922
2900 2934
2901 2935
2911 2956
2925 2974
2928 2982
2987 2985
2992 3033
2993 3040
2995 3044
2997 3049
3012 3059
3015 3068
3016 3100
3026 3103
3028 3118
3029 3120
3039 3127
3053 3134
3054 3150
3064 3151
3068 3174
3078 3228
3100 3243
3110 3260
3120 3287
3125 3294
3127 3305
3151 3322
3158 3324
3161 3327
3163 3339
3185 3355
3186 3356
3223 3361
3226 3362
3239 3373
3249 3377
3251 3381
3254 3382
3256 3397
3272 3415
3274 3430
3279 3445
3283 3446
3287 3451
3291 3452
3295 3478
3305 3484
3323 3488
3327 3503
3339 3511
3344 3521
3368 3527
3399 3528
3422 3537
3424 3543
3427 3544
3438 3545
3453 3560
3458 3582
3459 3585
3460 3598
3461 3606
3473 3607
3480 3609
3484 3620
3496 3623
3498 3633
3503 3646
3512 3652
3524 3666
3529 3677
3550 3687
3555 3700
3561 3701
3607 3705
3611 3709
3614 3718
3631 3720
3643 3730
3657 3760
3684 3764
3691 3765
3694 3790
3718 3798
3729 3828
3732 3831
3758 3836
3760 3857
3762 3858
3788 3871
3807 3890
3820 3900
3833 3917
3837 3922
3844 3927
3845 3939
3855 3955
3860 3979
3866 3980
3911 3984
3917 4011
3920 4022
3921 4023
3925 4032
3958 4036
3960 4043
3977 4047
3978 4052
3993 4054
3996 4059
4007 4076
4011 4100
4016 4107
4020 4118
4029 4119
4030 4137
4032 4138
4041 4139
4045 4140
4048 4148
4077 4151
4084 4155
4103 4158
4108 4170
4116 4191
4118 4193
4133 4204
4134 4212
4141 4222
4143 4225
4158 4236
4161 4263
4165 4269
4173 4277
4181 4303
4184 4309
4185 4330
4205 4331
4215 4334
4250 4348
4255 4381
4265 4382
4270 4399
4275 4412
4283 4432
4286 4437
4311 4453
4313 4465
4317 4467
4325 4473
4326 4476
4327 4478
4330 4483
4339 4496
4356 4498
4372 4502
4383 4506
4394 4513
4395 4514
4405 4546
4415 4554
4424 4555
4428 4559
4430 4576
4432 4578
4435 4592
4436 4595
4444 4608
4451 4611
4463 4617
4498 4620
4505 4625
4522 4655
4527 4668
4528 4686
4529 4696
4532 4713
4533 4731
4542 4742
4554 4760
4573 4780
4581 4786
4583 4803
4590 4805
4606 4809
4615 4827
4622 4834
4646 4850
4648 4859
4658 4860
4662 4865
4663 4881
4670 4882
4678 4896
4685 4909
4686 4910
4691 4923
4692 4930
4693 4942
4702 4984
4727 5006
4730 5007
4752 5011
4760 5013
4796 5038
4798 5045
4810 5056
4821 5066
4830 5085
4838 5088
4849 5101
4877 5104
4883 5114
4886 5159
4930 5164
4940 5187
4951 5189
4979 5208
4985 5212
5009 5216
5026 5231
5029 5234
5032 5247
5033 5250
5034 5260
5045 5262
5059 5267
5065 5279
5066 5290
5069 5299
5077 5305
5084 5322
5090 5344
5099 5346
5113 5350
5116 5352
5119 5358
5126 5367
5137 5383
5155 5396
5192 5404
5211 5420
5222 5422
5227 5428
5236 5434
5237 5449
5238 5450
5255 5455
5262 5465
5287 5480
5297 5485
5313 5504
5321 5512
5329 5513
5358 5541
5367 5551
5382 5579
5397 5581
5403 5594
5406 5602
5408 5613
5411 5616
5417 5630
5440 5633
5446 5652
5451 5677
5471 5678
5483 5681
5492 5702
5495 5707
5509 5713
5510 5719
5517 5723
5524 5746
5550 5759
5552 5760
5562 5766
5575 5767
5582 5782
5590 5791
5598 5795
5602 5798
5634 5813
5644 5823
5653 5827
5654 5832
5655 5834
5680 5839
5692 5843
5694 5853
5700 5858
5714 5886
5720 5894
5757 5901
5775 5904
5779 5909
5784 5925
5793 5926
5796 5929
5804 5933
5816 5958
5830 5960
5831 5965
5848 5969
5865 5972
5872 5978
5881 5990
5889 5996
5903 6005
5919 6025
5921 6027
5930 6031
5933 6032
5951 6035
5957 6037
5958 6046
5959 6065
5960 6075
5985 6077
5989 6089
5999 6106
6003 6114
6008 6122
6011 6125
6032 6132
6035 6137
6066 6138
6067 6154
6071 6158
6074 6170
6096 6172
6099 6176
6115 6180
6126 6210
6127 6213
6130 6219
6139 6228
6145 6240
6150 6243
6175 6276
6179 6283
6192 6284
6212 6285
6213 6296
6215 6318
6225 6335
6248 6342
6260 6346
6279 6369
6298 6372
6307 6385
6327 6397
6340 6403
6350 6408
6363 6410
6377 6411
6398 6447
6401 6463
6407 6506
6418 6508
6424 6511
6426 6526
6451 6527
6464 6533
6495 6543
6502 6551
6518 6558
6547 6575
6567 6580
6574 6584
6577 6595
6579 6602
6585 6604
6591 6607
6601 6620
6602 6621
6603 6626
6632 6651
6639 6653
6647 6661
6651 6666
6658 6677
6669 6699
6686 6700
6689 6703
6691 6709
6701 6711
6704 6712
6715 6730
6717 6737
6722 6739
6729 6747
6752 6778
6759 6783
6767 6790
6771 6819
6776 6825
6778 6836
6800 6840
6806 6842
6814 6848
6819 6865
6822 6868
6844 6891
6846 6903
6850 6929
6853 6959
6856 6963
6867 6965
6875 6967
6894 6972
6896 6986
6911 6991
6948 6994
6950 6995
6955 7018
6958 7022
6981 7027
6985 7029
7024 7045
7030 7048
7034 7059
7051 7060
7057 7061
7069 7077
7079 7086
7107 7091
7135 7095
7141 7102
7147 7111
7155 7115
7171 7134
7182 7135
7183 7140
7192 7143
7226 7147
7240 7149
7259 7151
7263 7158
7275 7191
7285 7194
7292 7197
7297 7207
7304 7226
7305 7228
7311 7246
7316 7253
7317 7256
7331 7277
7336 7309
7341 7313
7363 7316
7365 7334
7376 7350
7378 7364
7385 7368
7393 7380
7420 7386
7462 7392
7473 7399
7481 7415
7482 7428
7483 7431
7486 7433
7493 7448
7500 7453
7506 7455
7517 7467
7523 7483
7530 7500
7534 7518
7572 7523
7578 7537
7601 7567
7606 7573
7617 7577
7619 7581
7628 7587
7636 7591
7643 7596
7648 7601
7651 7602
7667 7604
7671 7618
7677 7648
7678 7669
7680 7690
7701 7694
7708 7702
7712 7723
7716 7727
7717 7732
7724 7760
7729 7762
7747 7767
7752 7768
7758 7776
7761 7798
7775 7801
7781 7810
7806 7811
7813 7823
7831 7826
7833 7839
7839 7840
7845 7845
7847 7848
7848 7849
7856 7850
7875 7855
7883 7860
7894 7869
7896 7877
7901 7891
7904 7902
7905 7910
7938 7923
7956 7927
7961 7928
7963 7937
7978 7943
7982 7955
8001 7961
8015 7992
8017 8013
8020 8030
8026 8063
8029 8067
8030 8073
8049 8078
8052 8095
8071 8110
8083 8115
8085 8121
8089 8137
8098 8138
8102 8141
8120 8157
8122 8170
8124 8173
8125 8191
8133 8193
8203 8199
8210 8209
8220 8214
8248 8219
8250 8228
8252 8241
8259 8243
8265 8262
8306 8275
8311 8294
8323 8299
8324 8305
8326 8333
8341 8341
8345 8347
8367 8352
8372 8368
8378 8372
8380 8376
8393 8382
8394 8389
8396 8398
8407 8401
8416 8417
8431 8419
8435 8422
8462 8424
8500 8435
8506 8444
8518 8448
8520 8454
8521 8465
8538 8477
8558 8491
8560 8531
8564 8537
8566 8586
8570 8589
8575 8606
8577 8609
8589 8616
8603 8643
8617 8644
8620 8647
8641 8664
8652 8676
8688 8702
8690 8710
8700 8711
8793 8717
8800 8720
8817 8723
8818 8726
8826 8727
8830 8737
8836 8741
8839 8760
8840 8782
8870 8798
8874 8802
8880 8807
8893 8818
8915 8828
8921 8842
8931 8844
8957 8850
8960 8861
8964 8862
9002 8866
9016 8873
9017 8874
9020 8879
9021 8885
9028 8903
9078 8934
9100 8944
9101 8947
9137 8951
9150 8954
9164 8965
9170 8976
9181 9001
9182 9008
9196 9028
9203 9033
9204 9035
9214 9072
9217 9101
9228 9116
9281 9126
9289 9130
9296 9131
9298 9133
9311 9139
9316 9144
9327 9145
9331 9156
9353 9161
9368 9165
9372 9180
9380 9197
9385 9202
9398 9205
9433 9206
9439 9240
9440 9245
9447 9246
9449 9277
9452 9298
9455 9303
9470 9314
9473 9319
9476 9320
9478 9322
9493 9337
9498 9343
9509 9347
9524 9358
9553 9373
9560 9385
9564 9417
9566 9423
9569 9425
9570 9433
9584 9454
9590 9478
9602 9484
9603 9511
9605 9513
9615 9522
9616 9531
9638 9547
9643 9573
9664 9594
9676 9603
9679 9605
9687 9607
9692 9616
9694 9626
9700 9661
9702 9669
9729 9678
9749 9679
9767 9698
9782 9707
9831 9716
9843 9726
9848 9738
9861 9768
9865 9772
9869 9778
9872 9785
9879 9788
9888 9791
9891 9797
9892 9802
9893 9817
9899 9824
9918 9829
9925 9851
9934 9854
9968 9863
9969 9885
1000
1 13
9 38
21 80
28 84
35 102
38 132
56 135
64 138
68 153
82 180
85 190
119 191
120 194
125 213
127 215
134 217
139 226
164 236
172 249
173 255
178 258
205 261
214 271
225 283
240 284
274 292
285 305
295 309
304 316
316 323
326 331
333 332
339 359
353 377
361 385
363 401
364 412
369 426
380 427
398 430
406 448
409 464
417 469
430 477
448 479
453 491
472 493
483 507
485 517
508 519
523 524
532 527
546 539
548 542
552 546
567 558
590 561
592 566
598 569
600 593
610 594
613 596
631 607
635 619
641 620
642 622
656 625
727 631
731 651
736 652
746 661
748 672
751 681
757 684
773 687
774 690
790 691
827 693
832 694
835 710
836 714
865 715
866 754
873 765
892 781
902 787
908 790
917 797
941 799
952 809
961 828
963 829
976 830
985 844
1027 852
1031 869
1053 871
1054 912
1055 930
1064 931
1085 932
1087 952
1107 973
1116 989
1118 1026
1158 1054
1172 1071
1175 1074
1176 1100
1189 1112
1193 1113
1215 1127
1218 1137
1219 1143
1238 1148
1246 1151
1255 1164
1281 1169
1289 1184
1290 1207
1297 1214
1299 1221
1312 1232
1319 1233
1323 1236
1328 1248
1343 1254
1344 1260
1358 1279
1361 1282
1366 1286
1370 1296
1374 1305
1381 1321
1382 1326
1389 1349
1392 1350
1393 1351
1405 1380
1407 1394
1428 1398
1435 1400
1438 1403
1442 1418
1459 1432
1464 1448
1465 1461
1466 1466
1484 1474
1502 1480
1515 1521
1524 1530
1527 1557
1539 1579
1555 1611
1557 1615
1569 1622
1590 1639
1594 1649
1597 1652
1611 1669
1619 1680
1631 1683
1649 1700
1659 1733
1667 1740
1689 1753
1694 1755
1699 1790
1705 1795
1723 1801
1766 1809
1808 1826
1815 1828
1821 1849
1826 1859
1840 1860
1860 1861
1861 1892
1873 1894
1885 1917
1913 1919
1923 1928
1929 1947
1932 1963
1940 1967
1944 1993
1952 2000
1978 2015
1980 2018
1983 2021
2000 2022
2017 2033
2024 2049
2035 2055
2055 2056
2062 2064
2072 2073
2112 2078
2123 2083
2138 2102
2153 2104
2155 2121
2165 2122
2191 2124
2196 2134
2201 2151
2208 2161
2214 2170
2223 2194
2244 2196
2248 2203
2260 2208
2289 2214
2314 2215
2317 2218
2327 2227
2337 2231
2344 2233
2349 2242
2351 2256
2352 2257
2360 2279
2366 2281
2367 2284
2371 2301
2376 2321
2387 2330
2409 2339
2416 2345
2418 2349
2422 2363
2424 2397
2444 2425
2458 2428
2469 2444
2486 2448
2493 2457
2501 2473
2505 2479
2517 2482
2524 2510
2526 2538
2535 2545
2556 2554
2571 2579
2584 2580
2613 2582
2624 2583
2627 2588
2646 2599
2661 2614
2663 2620
2664 2627
2674 2628
2677 2648
2679 2649
2681 2655
2689 2662
2700 2671
2718 2673
2767 2674
2769 2690
2788 2705
2805 2708
2808 2754
2811 2803
2843 2805
2858 2811
2873 2826
2877 2830
2901 2850
2903 2860
2910 2867
2915 2870
2922 2890
2929 2898
2933 2908
2982 2931
2986 2953
2987 2967
2988 2980
2994 2990
3003 3013
3017 3017
3018 3029
3029 3031
3036 3032
3039 3039
3056 3041
3084 3064
3092 3073
3124 3096
3126 3101
3130 3107
3143 3109
3148 3115
3149 3118
3156 3134
3174 3139
3177 3146
3178 3157
3183 3167
3195 3170
3198 3184
3218 3187
3220 3193
3231 3201
3257 3212
3261 3217
3271 3230
3273 3232
3277 3235
3279 3242
3293 3243
3299 3261
3315 3266
3316 3272
3319 3278
3320 3279
3322 3286
3323 3291
3324 3294
3330 3296
3332 3315
3337 3321
3338 3325
3342 3330
3358 3332
3361 3342
3364 3348
3370 3355
3377 3356
3386 3359
3392 3371
3418 3396
3432 3401
3447 3420
3448 3424
3461 3436
3475 3437
3477 3442
3480 3444
3483 3452
3484 3468
3497 3473
3518 3479
3524 3481
3535 3486
3553 3502
3554 3529
3564 3533
3571 3542
3581 3545
3586 3548
3588 3553
3625 3570
3634 3579
3636 3589
3640 3592
3652 3602
3653 3618
3683 3623
3686 3632
3697 3638
3699 3642
3713 3653
3740 3674
3750 3679
3753 3682
3763 3683
3766 3685
3783 3686
3788 3696
3791 3711
3805 3715
3806 3740
3823 3743
3833 3745
3869 3749
3876 3753
3881 3763
3882 3764
3885 3769
3891 3799
3894 3821
3898 3824
3900 3835
3903 3909
3907 3922
3938 3939
3939 3957
3944 3962
3953 3965
3954 3985
3955 3994
3985 4032
3986 4043
4015 4065
4016 4074
4027 4081
4045 4084
4047 4091
4048 4092
4049 4103
4064 4118
4076 4122
4106 4132
4116 4159
4117 4178
4120 4185
4124 4195
4132 4218
4138 4228
4174 4232
4181 4244
4182 4252
4187 4273
4203 4279
4206 4297
4211 4298
4228 4299
4241 4303
4244 4312
4247 4313
4250 4319
4258 4320
4272 4324
4301 4328
4323 4330
4326 4331
4386 4333
4408 4338
4430 4340
4452 4342
4461 4356
4463 4361
4481 4374
4483 4389
4484 4391
4485 4410
4508 4415
4514 4434
4525 4445
4548 4482
4552 4488
4562 4505
4570 4512
4571 4516
4573 4540
4588 4549
4597 4569
4601 4581
4604 4586
4611 4587
4633 4602
4635 4607
4653 4610
4685 4616
4690 4642
4698 4651
4705 4658
4710 4679
4730 4682
4734 4690
4736 4698
4766 4700
4788 4717
4798 4728
4803 4733
4804 4740
4805 4751
4811 4757
4814 4762
4840 4775
4862 4787
4873 4794
4891 4796
4892 4801
4908 4805
4911 4808
4912 4821
4915 4823
4940 4826
4944 4835
4958 4846
4963 4854
4971 4865
4982 4872
4985 4883
5000 4894
5006 4902
5013 4911
5014 4925
5018 4927
5020 4929
5047 4937
5049 4938
5053 4960
5063 4963
5064 4965
5078 4966
5086 4972
5088 4977
5089 4999
5106 5012
5112 5013
5114 5026
5129 5033
5141 5039
5143 5075
5156 5087
5158 5095
5160 5100
5168 5112
5174 5141
5177 5167
5181 5184
5187 5190
5197 5194
5207 5197
5222 5219
5230 5220
5233 5221
5254 5231
5261 5237
5272 5243
5285 5263
5287 5264
5288 5281
5298 5283
5301 5286
5303 5288
5307 5319
5357 5321
5358 5332
5362 5334
5363 5345
5404 5360
5416 5366
5422 5370
5440 5374
5443 5383
5446 5412
5465 5417
5477 5429
5494 5457
5501 5473
5507 5481
5515 5483
5518 5490
5526 5497
5540 5500
5548 5502
5550 5503
5559 5506
5572 5514
5582 5519
5583 5521
5597 5529
5605 5534
5615 5537
5617 5580
5624 5597
5626 5602
5628 5620
5637 5631
5668 5640
5675 5645
5713 5651
5726 5656
5747 5662
5759 5676
5766 5682
5794 5690
5806 5709
5821 5717
5823 5720
5830 5734
5833 5759
5834 5761
5842 5773
5847 5775
5853 5776
5857 5786
5859 5787
5871 5791
5875 5797
5883 5811
5899 5852
5904 5854
5906 5869
5910 5875
5917 5884
5918 5896
5921 5905
5926 5924
5936 5927
5939 5956
5941 5978
5948 5987
5964 5991
5965 6001
5972 6005
6000 6020
6008 6030
6038 6034
6046 6036
6049 6041
6060 6066
6073 6080
6090 6097
6091 6105
6108 6108
6116 6118
6117 6155
6129 6182
6134 6189
6152 6204
6166 6212
6192 6217
6196 6218
6207 6219
6211 6220
6216 6221
6232 6223
6233 6235
6237 6237
6242 6244
6250 6260
6265 6276
6268 6285
6270 6288
6300 6349
6302 6364
6304 6371
6308 6405
6350 6452
6375 6459
6381 6463
6390 6465
6400 6477
6412 6478
6436 6484
6444 6493
6448 6500
6453 6501
6454 6509
6464 6546
6500 6564
6546 6579
6551 6592
6595 6594
6610 6596
6613 6606
6615 6619
6646 6627
6650 6628
6656 6643
6660 6652
6668 6656
6675 6671
6686 6682
6697 6685
6710 6694
6712 6703
6716 6714
6719 6717
6720 6726
6739 6735
6751 6745
6790 6765
6791 6770
6794 6772
6805 6773
6807 6785
6808 6794
6811 6799
6827 6802
6853 6806
6861 6811
6862 6812
6872 6815
6875 6835
6882 6860
6904 6861
6916 6877
6942 6891
6943 6895
6955 6910
6959 6929
6960 6930
6975 6935
6978 6961
7011 6966
7016 6968
7041 6969
7050 6976
7065 6980
7074 6984
7078 6988
7079 6992
7086 6995
7098 6997
7119 7011
7127 7023
7140 7026
7147 7037
7179 7043
7187 7052
7188 7068
7201 7073
7202 7074
7227 7088
7242 7110
7243 7115
7246 7117
7249 7128
7276 7137
7277 7151
7294 7157
7320 7159
7323 7164
7325 7169
7332 7192
7339 7206
7348 7213
7349 7214
7355 7219
7357 7249
7381 7252
7396 7255
7399 7260
7401 7267
7406 7276
7419 7279
7435 7293
7437 7312
7439 7328
7460 7333
7469 7338
7477 7340
7478 7354
7479 7370
7488 7371
7517 7375
7518 7394
7524 7403
7551 7420
7554 7432
7560 7460
7571 7463
7574 7469
7576 7473
7583 7477
7585 7479
7590 7481
7594 7500
7625 7504
7628 7507
7630 7520
7645 7531
7653 7533
7660 7534
7674 7542
7677 7554
7688 7574
7720 7579
7723 7598
7728 7600
7730 7603
7744 7604
7747 7614
7759 7616
7761 7620
7762 7624
7781 7636
7782 7666
7789 7682
7801 7687
7803 7695
7807 7706
7812 7731
7844 7748
7845 7752
7848 7765
7863 7766
7865 7770
7866 7777
7867 7780
7881 7794
7882 7824
7913 7882
7927 7884
7931 7897
7935 7902
7955 7908
7963 7964
7968 7967
7971 7980
7988 7988
7990 8000
8034 8030
8035 8038
8045 8039
8046 8043
8059 8048
8067 8063
8084 8067
8090 8074
8091 8084
8095 8085
8107 8091
8116 8093
8137 8097
8150 8098
8156 8118
8157 8135
8159 8142
8171 8147
8195 8153
8198 8155
8200 8183
8205 8200
8244 8222
8250 8225
8253 8229
8279 8243
8292 8250
8297 8256
8298 8257
8299 8271
8303 8279
8306 8282
8315 8293
8324 8298
8333 8299
8337 8300
8340 8306
8348 8311
8356 8335
8357 8365
8368 8374
8386 8380
8388 8386
8391 8395
8399 8407
8400 8408
8408 8421
8441 8425
8448 8430
8457 8437
8458 8441
8468 8446
8475 8454
8478 8497
8488 8498
8506 8504
8512 8512
8513 8536
8526 8570
8531 8575
8532 8580
8542 8588
8555 8591
8565 8626
8568 8632
8588 8633
8596 8635
8604 8645
8606 8656
8616 8662
8617 8685
8637 8686
8663 8705
8673 8713
8689 8725
8701 8730
8712 8731
8717 8759
8722 8764
8723 8766
8724 8787
8725 8797
8743 8807
8744 8823
8761 8829
8763 8831
8794 8840
8822 8841
8827 8847
8838 8882
8849 8897
8855 8906
8864 8907
8866 8918
8873 8941
8875 8949
8909 8956
8926 8968
8941 8971
8953 8991
8968 9002
8975 9028
9004 9031
9016 9036
9023 9043
9028 9056
9037 9061
9048 9084
9067 9097
9079 9099
9090 9100
9109 9102
9130 9103
9150 9114
9165 9124
9166 9153
9182 9157
9187 9164
9192 9170
9219 9175
9225 9193
9234 9196
9243 9209
9251 9210
9261 9215
9269 9221
9280 9230
9283 9242
9287 9250
9295 9257
9298 9258
9300 9262
9309 9276
9320 9288
9335 9293
9344 9296
9368 9300
9369 9307
9385 9325
9393 9341
9399 9349
9409 9385
9413 9386
9424 9387
9438 9404
9449 9410
9452 9418
9455 9420
9474 9422
9476 9426
9497 9435
9498 9437
9509 9452
9513 9457
9519 9479
9532 9493
9541 9500
9580 9501
9593 9505
9595 9515
9601 9532
9617 9560
9625 9561
9629 9583
9642 9594
9661 9598
9663 9600
9664 9605
9666 9627
9686 9658
9688 9663
9693 9669
9707 9672
9708 9675
9717 9691
9719 9711
9724 9722
9727 9725
9773 9737
9803 9753
9810 9762
9819 9776
9820 9798
9839 9810
9842 9832
9846 9843
9876 9866
9892 9884
9897 9917
9901 9936
9911 9940
9921 9946
9922 9962
9928 9954
9942 9965
9946 9969
9948 9972
9996 9995
1000
14 6
15 11
22 24
23 27
30 33
39 35
42 49
51 68
54 77
64 81
71 84
92 89
107 92
117 97
118 109
122 120
126 122
135 157
137 163
142 175
152 191
166 197
194 203
198 206
207 209
215 211
223 222
225 232
237 233
238 234
253 248
264 260
266 263
271 274
274 284
279 332
295 366
315 371
337 374
368 408
369 423
378 425
423 437
432 438
445 450
449 453
451 465
454 471
458 472
474 480
476 525
478 529
501 530
505 539
514 542
528 544
532 560
545 572
575 598
588 633
594 638
606 639
614 640
621 650
650 655
652 658
676 665
684 669
700 683
732 689
740 699
743 711
769 716
775 719
779 725
782 732
800 741
833 743
839 750
851 752
864 761
879 785
883 801
913 820
950 823
958 829
964 836
974 839
1002 842
1012 847
1019 852
1027 855
1048 858
1055 861
1056 866
1058 872
1065 914
1069 916
1084 920
1087 926
1092 951
1095 956
1111 962
1113 966
1118 977
1119 983
1123 986
1131 1000
1132 1008
1146 1011
1147 1017
1172 1021
1177 1023
1184 1043
1198 1064
1199 1081
1204 1091
1218 1096
1221 1103
1241 1109
1247 1114
1252 1131
1266 1135
1272 1150
1310 1154
1328 1158
1351 1182
1357 1190
1364 1213
1369 1225
1374 1227
1375 1241
1383 1243
1394 1252
1426 1257
1436 1295
1460 1304
1464 1310
1470 1313
1481 1321
1490 1323
1500 1337
1504 1359
1520 1360
1524 1380
1530 1388
1541 1390
1543 1391
1551 1396
1554 1403
1577 1413
1581 1432
1584 1438
1590 1439
1592 1454
1597 1467
1615 1485
1622 1493
1624 1499
1625 1507
1635 1515
1646 1522
1658 1525
1665 1532
1706 1537
1740 1549
1758 1560
1768 1563
1788 1568
1789 1579
1791 1591
1794 1597
1805 1612
1824 1617
1826 1644
1827 1661
1829 1685
1830 1690
1863 1694
1879 1701
1884 1708
1886 1711
1895 1716
1900 1724
1912 1726
1924 1735
1927 1743
1931 1746
1934 1753
1950 1757
1954 1783
1955 1795
1967 1798
1985 1805
1988 1807
1989 1817
1993 1823
1994 1832
2014 1844
2026 1846
2027 1905
2037 1911
2038 1918
2042 1921
2047 1930
2057 1935
2058 1938
2083 1971
2089 1974
2107 1982
2112 2010
2114 2012
2128 2013
2131 2018
2139 2019
2146 2026
2148 2035
2157 2039
2163 2078
2173 2079
2178 2105
2185 2113
2194 2134
2199 2135
2208 2137
2230 2140
2238 2145
2251 2164
2272 2182
2278 2202
2280 2209
2297 2210
2299 2220
2308 2221
2319 2225
2327 2228
2347 2240
2366 2246
2368 2268
2377 2274
2379 2278
2393 2280
2400 2284
2406 2288
2439 2297
2455 2299
2461 2303
2465 2305
2468 2319
2474 2322
2475 2327
2480 2347
2487 2370
2496 2395
2504 2403
2505 2407
2507 2430
2512 2434
2519 2441
2533 2445
2536 2464
2537 2487
2544 2491
2547 2514
2558 2516
2570 2547
2578 2549
2584 2552
2595 2553
2597 2562
2600 2564
2601 2573
2612 2598
2617 2606
2624 2607
2625 2619
2639 2653
2672 2657
2674 2680
2675 2694
2694 2695
2703 2711
2705 2720
2719 2729
2724 2730
2745 2738
2751 2751
2803 2775
2804 2780
2808 2810
2816 2827
2823 2846
2832 2847
2833 2870
2836 2883
2843 2884
2848 2898
2862 2923
2870 2937
2875 2948
2876 2960
2884 2963
2897 2977
2903 2982
2904 2988
2906 2997
2919 3002
2925 3014
2944 3017
2950 3023
2954 3060
2955 3064
2972 3102
2980 3113
2985 3124
2993 3146
3000 3150
3002 3158
3004 3168
3010 3189
3017 3190
3038 3211
3051 3219
3060 3223
3080 3230
3083 3256
3100 3262
3114 3270
3132 3271
3133 3314
3137 3317
3140 3327
3152 3345
3160 3348
3166 3354
3174 3371
3182 3379
3232 3392
3238 3408
3251 3417
3257 3427
3270 3447
3295 3481
3312 3487
3314 3517
3325 3528
3326 3533
3328 3552
3346 3554
3374 3575
3395 3578
3403 3587
3412 3626
3415 3629
3421 3639
3430 3654
3435 3657
3439 3672
3448 3677
3453 3680
3455 3688
3461 3690
3463 3703
3465 3705
3484 3706
3577 3707
3587 3715
3606 3716
3611 3718
3616 3735
3624 3753
3630 3757
3645 3777
3653 3779
3654 3821
3659 3822
3663 3830
3694 3833
3696 3834
3714 3844
3725 3848
3732 3850
3735 3873
3757 3878
3761 3891
3770 3917
3783 3935
3809 3938
3813 3942
3827 3955
3834 3969
3855 3971
3870 3981
3873 3996
3878 4013
3884 4019
3888 4023
3893 4030
3894 4036
3930 4049
3958 4055
3959 4059
3963 4082
3976 4086
3985 4118
4015 4126
4039 4129
4041 4142
4042 4152
4055 4157
4062 4161
4071 4164
4077 4168
4087 4194
4094 4206
4099 4219
4128 4238
4129 4254
4136 4258
4145 4270
4165 4290
4166 4306
4185 4309
4192 4318
4205 4327
4234 4333
4238 4339
4245 4347
4267 4353
4273 4354
4274 4362
4314 4377
4320 4382
4328 4388
4340 4396
4345 4399
4346 4407
4348 4412
4361 4419
4365 4425
4376 4482
4387 4485
4415 4492
4424 4508
4459 4522
4470 4535
4483 4545
4493 4562
4495 4565
4499 4576
4534 4586
4538 4589
4542 4590
4543 4605
4562 4607
4572 4614
4587 4616
4599 4620
4633 4624
4634 4627
4635 4649
4638 4659
4650 4664
4668 4667
4672 4681
4677 4687
4688 4695
4694 4699
4717 4704
4718 4716
4724 4721
4759 4725
4803 4734
4821 4735
4832 4743
4840 4746
4842 4780
4882 4803
4903 4814
4925 4817
4933 4818
4945 4827
4952 4855
4953 4864
4958 4870
4963 4885
4964 4906
4976 4911
4989 4936
4992 4956
4998 4974
5004 4984
5009 4985
5014 4996
5026 4999
5048 5007
5053 5022
5064 5025
5068 5032
5069 5036
5074 5045
5075 5067
5077 5080
5078 5100
5079 5105
5084 5109
5092 5123
5098 5136
5108 5139
5113 5145
5115 5151
5139 5154
5145 5159
5152 5164
5157 5169
5162 5182
5168 5187
5201 5198
5207 5200
5221 5206
5227 5211
5238 5214
5241 5242
5250 5253
5262 5254
5275 5277
5277 5292
5282 5304
5286 5309
5298 5311
5309 5326
5328 5343
5331 5345
5348 5354
5353 5362
5357 5378
5399 5388
5414 5395
5419 5397
5420 5403
5421 5410
5434 5411
5468 5417
5470 5426
5498 5443
5501 5456
5506 5459
5523 5469
5538 5479
5550 5482
5551 5487
5562 5498
5564 5506
5571 5517
5579 5520
5597 5532
5605 5536
5606 5546
5609 5555
5614 5559
5620 5567
5652 5572
5667 5578
5678 5580
5681 5588
5683 5608
5696 5615
5697 5617
5731 5625
5758 5633
5766 5656
5769 5657
5784 5670
5792 5674
5806 5683
5822 5688
5843 5696
5844 5703
5848 5717
5850 5722
5852 5734
5854 5740
5856 5773
5858 5796
5861 5800
5870 5805
5873 5808
5877 5817
5879 5829
5893 5831
5894 5844
5916 5847
5927 5855
5934 5867
5940 5895
5949 5903
5953 5914
5984 5916
5992 5918
5997 5938
6000 5962
6002 5987
6009 5993
6056 6016
6061 6023
6076 6030
6079 6041
6080 6046
6089 6082
6101 6116
6133 6123
6143 6134
6155 6179
6194 6191
6195 6199
6198 6209
6205 6223
6208 6236
6224 6253
6225 6260
6226 6261
6237 6269
6241 6282
6244 6304
6245 6316
6251 6325
6262 6338
6278 6344
6283 6351
6290 6362
6295 6363
6337 6378
6358 6399
6367 6410
6370 6411
6372 6423
6373 6434
6387 6447
6391 6452
6403 6459
6406 6461
6411 6464
6420 6475
6423 6504
6436 6518
6437 6539
6440 6550
6445 6557
6451 6560
6465 6578
6508 6613
6512 6620
6524 6627
6531 6639
6554 6644
6575 6646
6584 6648
6587 6652
6605 6653
6634 6655
6636 6675
6641 6689
6653 6697
6661 6709
6669 6725
6672 6743
6678 6744
6682 6757
6687 6770
6695 6781
6712 6794
6720 6813
6728 6819
6767 6821
6777 6822
6807 6848
6825 6862
6841 6871
6842 6929
6850 6932
6869 6942
6888 6946
6899 6959
6904 6962
6910 6963
6914 6965
6918 6972
6923 6975
6941 6978
6948 6986
6950 6993
6960 7007
6965 7017
6971 7036
6979 7043
6990 7053
6993 7076
7007 7077
7013 7081
7024 7082
7040 7087
7044 7088
7045 7104
7063 7111
7081 7113
7086 7114
7091 7131
7097 7134
7100 7136
7117 7138
7121 7140
7136 7157
7158 7159
7159 7164
7198 7168
7202 7190
7209 7198
7212 7201
7230 7228
7234 7231
7236 7239
7258 7265
7265 7273
7269 7277
7292 7279
7305 7291
7308 7294
7316 7296
7326 7298
7330 7300
7337 7324
7339 7328
7357 7332
7362 7347
7380 7349
7394 7354
7411 7364
7416 7369
7417 7385
7420 7386
7438 7400
7465 7406
7478 7417
7492 7434
7499 7437
7533 7449
7542 7457
7562 7472
7567 7478
7572 7481
7600 7492
7608 7500
7614 7501
7647 7509
7654 7515
7684 7516
7717 7521
7719 7527
7728 7529
7750 7536
7753 7553
7758 7570
7784 7580
7787 7582
7790 7588
7814 7589
7836 7600
7854 7609
7855 7611
7860 7632
7861 7636
7882 7664
7891 7670
7897 7676
7919 7696
7925 7708
7933 7709
7935 7746
7948 7755
7962 7782
7964 7783
7978 7795
7983 7802
7989 7816
8005 7818
8025 7823
8035 7843
8036 7854
8040 7888
8050 7906
8051 7909
8056 7914
8069 7941
8084 7948
8093 7970
8094 7991
8095 8007
8100 8011
8102 8012
8108 8017
8125 8018
8136 8020
8137 8023
8138 8028
8150 8047
8175 8056
8183 8057
8184 8058
8186 8063
8189 8075
8200 8083
8219 8092
8223 8094
8232 8133
8236 8157
8241 8172
8256 8177
8263 8179
8268 8191
8313 8218
8324 8227
8341 8230
8346 8237
8371 8244
8373 8250
8391 8269
8407 8316
8412 8326
8419 8330
8431 8331
8434 8332
8464 8342
8469 8354
8475 8363
8488 8381
8492 8388
8501 8395
8504 8417
8505 8432
8520 8443
8521 8448
8527 8451
8542 8457
8557 8459
8560 8471
8568 8509
8574 8516
8580 8538
8602 8591
8603 8596
8646 8606
8658 8624
8662 8636
8665 8645
8671 8646
8676 8666
8678 8672
8701 8674
8705 8675
8706 8708
8709 8710
8723 8730
8736 8742
8740 8746
8742 8752
8750 8768
8760 8781
8772 8785
8789 8787
8795 8790
8804 8827
8821 8833
8824 8850
8826 8861
8868 8865
8877 8873
8934 8874
8949 8877
8962 8878
8965 8887
8970 8904
8974 8908
8998 8911
9002 8914
9014 8915
9025 8923
9043 8936
9071 8938
9084 8944
9089 8971
9094 9000
9102 9003
9110 9014
9111 9018
9147 9021
9156 9026
9167 9037
9168 9041
9170 9050
9172 9063
9189 9076
9192 9082
9193 9083
9227 9101
9242 9112
9243 9116
9249 9118
9250 9124
9290 9155
9297 9170
9302 9177
9308 9197
9318 9200
9338 9205
9357 9234
9369 9236
9382 9237
9383 9247
9384 9252
9392 9255
9404 9263
9414 9265
9453 9281
9459 9288
9465 9306
9476 9310
9477 9332
9481 9337
9487 9347
9502 9367
9503 9369
9504 9370
9510 9373
9530 9377
9540 9380
9543 9413
9544 9415
9545 9417
9574 9421
9576 9441
9579 9443
9580 9445
9584 9449
9586 9456
9588 9463
9591 9465
9595 9477
9607 9488
9609 9490
9617 9496
9618 9506
9621 9520
9623 9535
9626 9544
9629 9545
9637 9549
9639 9573
9643 9578
9646 9579
9647 9583
9650 9584
9654 9587
9660 9595
9663 9599
9675 9600
9679 9608
9685 9623
9687 9625
9693 9629
9707 9630
9718 9639
9724 9644
9732 9654
9738 9677
9756 9695
9772 9703
9785 9706
9788 9710
9789 9722
9801 9723
9802 9762
9803 9791
9805 9804
9815 9814
9817 9828
9836 9830
9854 9831
9858 9846
9864 9848
9873 9850
9876 9852
9885 9860
9895 9865
9927 9867
9955 9880
9965 9884
9972 9907
9985 9908
9989 9930
9992 9931
1000
1 1
18 6
21 13
44 20
45 23
56 25
89 32
92 33
101 42
109 50
131 52
143 53
156 75
180 122
181 135
187 141
188 144
207 146
211 147
238 158
252 162
260 184
263 195
271 198
272 201
295 206
296 208
345 210
355 215
362 234
364 240
378 247
383 251
384 259
388 272
397 273
407 289
416 313
421 325
432 341
437 350
452 352
454 391
476 396
478 400
503 408
520 436
523 438
527 440
548 455
559 473
562 480
574 504
577 518
581 528
599 531
616 540
624 545
644 560
656 561
667 564
683 583
684 588
689 609
692 625
693 626
694 635
696 650
705 651
707 655
708 691
724 700
728 711
738 713
760 716
785 718
791 728
794 740
805 742
806 743
814 745
817 749
820 756
827 768
859 773
870 784
883 803
890 819
906 822
919 823
928 843
935 848
955 851
973 852
1028 855
1030 860
1037 880
1056 912
1061 932
1069 936
1097 943
1111 960
1113 974
1130 981
1134 987
1152 996
1159 1002
1164 1010
1183 1018
1194 1029
1201 1034
1202 1047
1204 1049
1218 1065
1225 1069
1228 1083
1229 1099
1239 1112
1260 1126
1268 1155
1269 1171
1278 1178
1284 1187
1297 1190
1306 1191
1323 1216
1332 1217
1348 1225
1358 1226
1360 1234
1371 1258
1373 1260
1386 1266
1401 1270
1409 1275
1420 1285
1424 1288
1427 1289
1434 1305
1436 1306
1439 1309
1452 1319
1464 1340
1479 1345
1488 1347
1492 1373
1519 1378
1549 1383
1562 1392
1579 1393
1582 1396
1588 1397
1600 1398
1614 1403
1633 1409
1634 1424
1658 1426
1677 1449
1679 1469
1682 1486
1684 1495
1700 1512
1708 1513
1711 1514
1715 1515
1725 1526
1726 1535
1731 1549
1749 1558
1754 1561
1788 1565
1789 1566
1829 1573
1834 1575
1835 1580
1845 1584
1852 1601
1871 1608
1901 1638
1913 1662
1929 1678
1940 1693
1946 1696
1967 1699
1976 1700
1991 1702
1998 1731
2000 1745
2006 1753
2015 1777
2039 1786
2044 1804
2045 1808
2046 1810
2055 1812
2058 1813
2069 1821
2070 1835
2071 1844
2094 1847
2104 1854
2106 1863
2107 1864
2113 1867
2160 1878
2167 1880
2183 1887
2200 1895
2205 1903
2212 1907
2225 1912
2226 1915
2245 1927
2246 1942
2255 1944
2262 1966
2265 1980
2268 1987
2270 2012
2290 2017
2294 2023
2300 2032
2317 2040
2329 2056
2344 2064
2348 2065
2363 2075
2367 2089
2368 2092
2385 2098
2387 2112
2417 2114
2418 2159
2420 2174
2442 2195
2449 2208
2468 2211
2470 2225
2474 2231
2518 2232
2557 2234
2562 2249
2594 2251
2612 2256
2623 2279
2632 2289
2653 2316
2656 2343
2676 2348
2688 2362
2700 2364
2712 2377
2718 2401
2722 2410
2729 2445
2733 2453
2737 2466
2759 2496
2768 2499
2769 2508
2771 2536
2772 2565
2787 2589
2792 2592
2809 2595
2842 2601
2843 2606
2851 2613
2853 2615
2854 2624
2859 2626
2860 2653
2861 2659
2863 2660
2881 2666
2883 2674
2891 2684
2909 2693
2916 2695
2923 2712
2945 2717
2951 2724
2956 2735
2978 2739
2984 2741
2986 2770
2989 2776
2999 2793
3004 2796
3030 2802
3037 2835
3067 2847
3075 2855
3083 2856
3107 2860
3109 2877
3114 2886
3125 2892
3133 2901
3139 2906
3142 2908
3163 2917
3169 2926
3183 2939
3197 2940
3212 2942
3226 2965
3234 2967
3263 2979
3300 2988
3328 2991
3342 3007
3366 3011
3392 3014
3405 3023
3412 3024
3420 3048
3422 3056
3441 3081
3452 3082
3467 3096
3479 3099
3485 3121
3491 3123
3515 3129
3522 3143
3525 3145
3526 3156
3538 3166
3584 3170
3593 3197
3598 3209
3606 3214
3616 3223
3619 3237
3628 3252
3646 3259
3650 3280
3689 3289
3703 3291
3714 3300
3729 3303
3737 3313
3738 3319
3751 3320
3763 3325
3765 3334
3766 3336
3775 3366
3779 3369
3788 3372
3795 3405
3804 3432
3811 3437
3815 3444
3842 3461
3846 3464
3847 3479
3850 3487
3858 3499
3860 3506
3868 3519
3874 3528
3898 3530
3900 3533
3904 3562
3906 3585
3917 3597
3928 3603
3935 3617
3938 3630
3942 3631
3961 3655
3967 3663
3976 3666
3980 3669
3987 3677
3992 3679
3993 3681
3996 3686
4000 3704
4002 3729
4014 3734
4027 3735
4030 3739
4036 3743
4046 3744
4048 3747
4053 3756
4059 3781
4098 3796
4102 3806
4112 3812
4115 3814
4122 3827
4136 3831
4156 3839
4173 3847
4175 3851
4212 3858
4218 3877
4244 3881
4253 3890
4261 3931
4266 3932
4268 3954
4269 3958
4276 3972
4290 3974
4297 3975
4298 3977
4307 3985
4313 3986
4316 3993
4335 3995
4339 4001
4353 4004
4372 4008
4397 4020
4403 4038
4407 4043
4413 4045
4423 4078
4424 4116
4452 4124
4454 4131
4455 4133
4494 4142
4501 4174
4505 4187
4517 4190
4526 4213
4537 4222
4541 4224
4568 4237
4583 4246
4587 4282
4588 4293
4606 4298
4636 4333
4637 4339
4640 4342
4641 4345
4649 4346
4652 4351
4654 4386
4665 4387
4678 4391
4687 4392
4707 4395
4729 4397
4738 4401
4739 4424
4747 4425
4763 4431
4774 4442
4810 4453
4819 4475
4842 4494
4844 4497
4854 4500
4867 4508
4871 4512
4879 4516
4882 4517
4894 4518
4899 4533
4900 4546
4910 4547
4918 4559
4943 4564
4953 4576
4966 4580
4968 4601
4975 4624
4995 4633
5002 4634
5003 4651
5014 4657
5034 4688
5039 4690
5042 4698
5049 4714
5061 4720
5062 4741
5081 4748
5092 4749
5094 4751
5097 4760
5137 4769
5145 4779
5164 4785
5166 4794
5179 4797
5180 4803
5181 4807
5185 4812
5188 4816
5200 4824
5206 4828
5214 4835
5217 4875
5228 4879
5235 4892
5249 4906
5251 4913
5265 4917
5271 4925
5272 4929
5278 4939
5292 4955
5318 4967
5322 4968
5345 4982
5358 5002
5382 5007
5385 5013
5407 5021
5412 5026
5432 5040
5440 5052
5444 5057
5478 5079
5481 5083
5483 5098
5484 5102
5485 5109
5497 5115
5514 5116
5535 5123
5554 5130
5555 5131
5556 5138
5561 5163
5582 5164
5584 5166
5588 5177
5598 5185
5615 5196
5620 5205
5642 5216
5651 5218
5655 5223
5677 5243
5687 5247
5700 5256
5707 5257
5711 5269
5715 5272
5716 5301
5722 5303
5758 5313
5762 5318
5770 5331
5776 5338
5813 5381
5830 5396
5849 5405
5855 5424
5862 5441
5872 5446
5882 5451
5883 5463
5887 5471
5892 5472
5903 5489
5914 5497
5922 5500
5927 5509
5942 5515
5950 5516
5969 5517
5976 5545
5995 5547
5999 5550
6004 5555
6015 5563
6028 5564
6038 5568
6046 5572
6050 5581
6074 5599
6075 5602
6082 5651
6085 5659
6094 5706
6101 5719
6103 5740
6107 5755
6109 5757
6123 5760
6128 5770
6134 5777
6153 5779
6157 5781
6161 5783
6165 5786
6168 5788
6178 5791
6179 5794
6180 5797
6201 5825
6213 5827
6221 5833
6231 5851
6232 5852
6235 5859
6238 5869
6257 5874
6260 5887
6274 5889
6279 5906
6284 5908
6304 5911
6306 5913
6319 5932
6323 5953
6325 5972
6379 5987
6382 5988
6392 6003
6405 6010
6413 6027
6422 6052
6427 6066
6435 6083
6444 6085
6449 6087
6462 6089
6472 6091
6491 6130
6495 6133
6509 6138
6518 6146
6523 6159
6527 6168
6556 6191
6565 6198
6585 6239
6587 6247
6603 6251
6624 6255
6626 6272
6631 6273
6636 6274
6660 6280
6663 6287
6665 6290
6669 6322
6670 6339
6675 6361
6677 6377
6679 6378
6682 6391
6683 6417
6708 6432
6724 6438
6734 6441
6745 6451
6766 6454
6767 6469
6776 6474
6777 6476
6783 6478
6784 6503
6800 6504
6819 6510
6821 6515
6825 6529
6834 6550
6875 6554
6877 6569
6889 6570
6898 6584
6907 6593
6908 6596
6910 6602
6917 6620
6920 6628
6933 6637
6935 6643
6940 6651
6943 6671
6956 6684
6985 6692
6995 6699
7010 6708
7019 6721
7026 6731
7055 6753
7063 6761
7064 6772
7066 6778
7068 6780
7084 6797
7106 6825
7111 6831
7140 6836
7158 6840
7167 6847
7175 6861
7180 6871
7191 6876
7204 6915
7235 6922
7245 6944
7248 6959
7250 6988
7269 6995
7275 7006
7313 7012
7314 7014
7319 7030
7326 7048
7338 7050
7347 7066
7354 7077
7356 7079
7358 7099
7370 7104
7376 7124
7377 7129
7386 7131
7389 7135
7409 7137
7424 7139
7439 7142
7441 7144
7445 7146
7450 7147
7454 7149
7465 7166
7467 7167
7469 7182
7474 7194
7484 7208
7490 7211
7492 7216
7494 7217
7503 7222
7508 7225
7522 7239
7523 7241
7530 7243
7532 7245
7548 7284
7554 7289
7555 7291
7573 7303
7583 7321
7595 7341
7596 7361
7603 7363
7631 7367
7670 7368
7687 7373
7700 7374
7711 7383
7723 7395
7750 7414
7751 7427
7760 7443
7762 7449
7763 7452
7768 7455
7776 7460
7784 7470
7814 7482
7819 7535
7842 7544
7847 7565
7865 7568
7866 7590
7876 7610
7879 7611
7907 7620
7914 7625
7934 7635
7937 7646
7942 7672
7957 7693
7980 7695
7985 7697
7987 7729
7994 7741
7997 7805
8019 7839
8020 7844
8021 7847
8046 7848
8051 7853
8056 7854
8078 7866
8083 7870
8089 7874
8091 7914
8108 7921
8124 7930
8155 7941
8157 7944
8163 7949
8169 7950
8173 7955
8181 7963
8185 7970
8192 7990
8204 8011
8222 8020
8231 8046
8237 8076
8239 8079
8256 8085
8265 8089
8286 8104
8295 8105
8310 8133
8322 8134
8329 8138
8334 8157
8336 8181
8339 8191
8351 8203
8357 8214
8361 8218
8366 8223
8373 8225
8380 8236
8381 8253
8389 8259
8398 8265
8430 8290
8433 8293
8440 8297
8471 8313
8472 8314
8476 8319
8483 8343
8486 8357
8497 8358
8514 8372
8545 8376
8546 8380
8563 8385
8572 8393
8581 8394
8595 8397
8613 8399
8628 8402
8629 8431
8644 8446
8651 8453
8654 8469
8666 8514
8668 8518
8671 8520
8678 8532
8681 8540
8698 8541
8708 8548
8710 8549
8743 8554
8744 8566
8758 8581
8767 8586
8774 8602
8792 8605
8796 8622
8797 8646
8807 8667
8815 8717
8817 8725
8822 8730
8837 8737
8842 8757
8845 8767
8849 8780
8856 8804
8863 8805
8875 8809
8877 8829
8882 8838
8891 8839
8902 8844
8904 8847
8907 8861
8928 8886
8931 8890
8936 8891
8937 8905
8944 8920
8950 8931
8974 8933
8975 8936
8981 8940
8985 8947
8993 8963
9020 8965
9023 8976
9028 8981
9043 8983
9045 9019
9053 9027
9062 9037
9082 9052
9097 9060
9098 9070
9099 9079
9103 9085
9110 9091
9130 9098
9140 9103
9149 9107
9163 9108
9165 9109
9204 9124
9214 9158
9221 9167
9225 9170
9234 9174
9244 9189
9253 9192
9275 9203
9284 9230
9310 9234
9313 9238
9317 9245
9324 9247
9336 9256
9339 9265
9341 9274
9345 9295
9351 9298
9360 9305
9377 9309
9384 9311
9385 9318
9388 9326
9393 9341
9399 9350
9400 9362
9403 9366
9406 9380
9410 9384
9413 9391
9423 9399
9449 9411
9485 9413
9500 9443
9524 9458
9526 9459
9546 9466
9549 9467
9555 9469
9558 9470
9564 9475
9569 9511
9575 9534
9594 9535
9614 9547
9628 9555
9638 9588
9646 9590
9654 9597
9662 9606
9666 9609
9674 9615
9675 9635
9679 9636
9723 9643
9745 9666
9749 9670
9755 9677
9777 9684
9790 9689
9797 9701
9799 9712
9813 9720
9814 9723
9823 9724
9825 9739
9827 9743
9828 9744
9830 9752
9839 9761
9845 9791
9849 9792
9874 9796
9886 9824
9904 9846
9937 9848
9943 9849
9947 9865
9962 9885
9977 9893
9984 9899
9985 9900
9988 9903
9991 9910
9992 9927
9995 9930
999
1 12
8 13
33 27
62 29
89 45
91 46
121 48
122 64
135 100
142 132
148 155
154 156
162 165
188 205
209 209
214 215
219 222
246 258
253 262
261 278
268 286
270 288
289 293
291 300
297 305
303 325
325 344
335 347
341 356
361 362
367 382
368 403
377 405
385 409
401 414
405 424
408 425
410 456
411 480
415 482
435 491
456 495
474 508
484 533
488 534
499 536
513 542
516 546
520 564
521 577
534 592
537 607
549 626
579 641
595 651
599 653
601 658
605 701
616 704
623 708
624 713
627 729
630 735
649 744
689 758
698 763
700 764
712 774
733 783
737 790
753 796
760 810
769 814
775 823
803 828
806 851
818 853
834 870
867 874
871 875
878 877
879 879
890 888
899 894
902 900
928 954
940 968
948 970
962 978
966 979
979 983
981 988
986 990
991 1006
992 1011
1011 1016
1016 1021
1030 1037
1035 1038
1073 1044
1085 1056
1100 1057
1115 1063
1117 1065
1125 1066
1132 1083
1133 1085
1162 1093
1166 1138
1171 1160
1190 1191
1205 1192
1215 1202
1217 1210
1220 1213
1228 1223
1236 1236
1238 1243
1239 1245
1251 1248
1272 1260
1287 1270
1326 1275
1333 1277
1334 1282
1335 1297
1339 1302
1342 1312
1356 1316
1360 1340
1371 1342
1376 1345
1385 1348
1392 1350
1393 1353
1421 1357
1425 1358
1427 1365
1430 1367
1458 1388
1459 1390
1476 1399
1484 1401
1485 1405
1498 1419
1507 1431
1511 1440
1512 1444
1514 1456
1518 1461
1519 1462
1521 1463
1523 1478
1525 1489
1529 1491
1530 1494
1535 1513
1547 1537
1552 1543
1557 1551
1576 1554
1620 1557
1627 1570
1629 1580
1631 1589
1644 1592
1652 1595
1654 1606
1657 1619
1663 1624
1666 1629
1713 1657
1714 1659
1715 1669
1741 1688
1749 1722
1753 1729
1768 1736
1773 1741
1776 1757
1782 1761
1788 1803
1795 1807
1812 1819
1814 1830
1821 1833
1825 1848
1830 1853
1836 1859
1839 1871
1855 1892
1877 1915
1881 1921
1890 1942
1895 1956
1902 1958
1936 1967
1961 1980
1987 2017
2003 2020
2017 2030
2036 2041
2038 2044
2046 2057
2061 2081
2062 2109
2064 2110
2066 2113
2069 2114
2080 2117
2090 2124
2099 2143
2101 2144
2114 2159
2121 2165
2127 2166
2128 2172
2129 2176
2130 2180
2142 2193
2147 2219
2161 2228
2174 2232
2175 2249
2180 2253
2185 2290
2186 2301
2187 2309
2195 2310
2196 2312
2202 2315
2203 2320
2214 2321
2234 2322
2242 2324
2244 2330
2265 2342
2269 2343
2275 2344
2279 2353
2280 2357
2301 2366
2305 2371
2323 2374
2353 2396
2361 2397
2375 2398
2382 2416
2394 2417
2396 2441
2398 2453
2418 2462
2423 2490
2435 2492
2438 2520
2444 2529
2465 2533
2468 2536
2490 2556
2496 2562
2497 2581
2506 2604
2508 2606
2538 2617
2555 2642
2561 2649
2562 2652
2572 2657
2575 2668
2604 2677
2611 2680
2619 2689
2640 2707
2649 2733
2652 2734
2660 2756
2662 2757
2674 2759
2677 2773
2683 2775
2688 2777
2702 2793
2709 2809
2753 2815
2757 2823
2760 2825
2762 2848
2779 2851
2809 2858
2816 2865
2832 2866
2867 2876
2879 2899
2906 2909
2922 2911
2929 2913
2940 2929
2944 2938
2956 2939
2958 2948
2964 2953
2980 2956
3010 2967
3014 2979
3038 2980
3039 2987
3046 3003
3047 3009
3054 3011
3057 3015
3065 3026
3072 3032
3076 3055
3082 3057
3092 3060
3100 3061
3121 3071
3123 3087
3125 3122
3132 3129
3133 3143
3164 3154
3181 3159
3188 3161
3191 3207
3192 3210
3196 3215
3204 3226
3216 3251
3220 3252
3264 3253
3266 3255
3298 3256
3299 3262
3300 3264
3307 3271
3310 3287
3335 3290
3363 3312
3370 3328
3392 3329
3409 3338
3412 3349
3413 3352
3416 3356
3424 3362
3426 3381
3432 3388
3446 3398
3457 3410
3472 3411
3483 3424
3505 3427
3507 3437
3518 3462
3524 3471
3527 3489
3544 3507
3557 3510
3558 3523
3572 3527
3605 3528
3606 3535
3622 3542
3643 3545
3655 3548
3661 3549
3666 3563
3690 3568
3702 3584
3703 3600
3716 3629
3723 3638
3726 3648
3728 3654
3732 3669
3744 3670
3756 3681
3784 3707
3807 3715
3813 3720
3816 3726
3820 3728
3833 3744
3839 3746
3842 3754
3845 3773
3865 3783
3907 3799
3913 3807
3946 3811
3959 3812
3960 3822
3961 3838
3962 3840
3983 3851
3989 3862
3995 3884
3999 3909
4011 3910
4013 3917
4019 3943
4034 3957
4057 3962
4060 3986
4064 3998
4074 3999
4092 4009
4098 4024
4105 4045
4116 4054
4122 4055
4131 4060
4134 4069
4135 4070
4141 4074
4144 4106
4153 4117
4154 4127
4162 4128
4178 4136
4186 4171
4188 4175
4202 4180
4221 4185
4226 4187
4241 4198
4265 4203
4269 4246
4273 4249
4276 4262
4277 4321
4282 4361
4283 4388
4293 4390
4295 4399
4299 4415
4309 4416
4310 4421
4332 4422
4355 4433
4369 4437
4387 4465
4395 4484
4397 4496
4405 4500
4423 4501
4428 4517
4443 4518
4457 4521
4470 4527
4474 4539
4479 4549
4489 4555
4515 4556
4523 4559
4529 4562
4530 4591
4531 4595
4543 4596
4561 4604
4567 4605
4572 4615
4575 4625
4598 4635
4605 4647
4611 4659
4638 4669
4642 4683
4651 4684
4659 4690
4668 4713
4675 4732
4702 4760
4716 4776
4725 4788
4726 4792
4728 4827
4737 4830
4752 4837
4754 4850
4755 4854
4756 4863
4761 4874
4768 4881
4769 4894
4776 4896
4788 4897
4801 4909
4807 4931
4812 4942
4820 4945
4823 4948
4824 4951
4825 4968
4835 4983
4840 4994
4842 4995
4847 5005
4861 5006
4878 5015
4880 5016
4883 5019
4885 5046
4905 5060
4919 5088
4921 5095
4931 5108
4951 5116
4961 5120
4964 5125
4968 5130
4993 5137
5010 5151
5033 5164
5038 5174
5040 5186
5045 5191
5046 5201
5053 5209
5056 5214
5057 5222
5062 5225
5076 5243
5132 5248
5146 5251
5154 5273
5173 5280
5189 5287
5191 5301
5198 5303
5218 5310
5222 5324
5223 5330
5225 5404
5239 5412
5257 5418
5263 5420
5268 5456
5276 5473
5299 5484
5311 5498
5322 5502
5329 5509
5341 5521
5344 5524
5351 5527
5375 5532
5380 5538
5396 5552
5399 5559
5403 5561
5406 5570
5443 5571
5462 5580
5465 5586
5471 5591
5509 5600
5515 5613
5531 5617
5538 5621
5547 5628
5549 5629
5551 5644
5553 5649
5560 5651
5590 5665
5594 5672
5605 5674
5613 5676
5617 5683
5625 5689
5634 5701
5643 5716
5657 5725
5659 5773
5664 5807
5711 5809
5714 5820
5734 5830
5741 5856
5746 5859
5752 5862
5754 5863
5756 5865
5763 5875
5817 5883
5819 5887
5836 5904
5844 5912
5845 5928
5846 5952
5856 5982
5860 5990
5875 6000
5881 6007
5886 6013
5891 6031
5894 6057
5911 6059
5937 6068
5944 6078
5949 6114
5960 6139
5967 6153
5969 6157
5974 6172
5976 6177
5987 6179
5992 6180
6002 6185
6012 6187
6014 6188
6017 6197
6028 6218
6032 6237
6040 6254
6042 6256
6049 6257
6080 6264
6090 6268
6128 6295
6134 6301
6135 6302
6152 6311
6159 6312
6170 6321
6178 6327
6181 6335
6186 6349
6193 6360
6197 6370
6207 6373
6219 6382
6226 6394
6242 6398
6259 6399
6279 6403
6281 6408
6294 6418
6308 6423
6311 6443
6314 6457
6324 6459
6340 6467
6358 6469
6363 6484
6366 6486
6380 6504
6392 6514
6395 6533
6406 6542
6409 6544
6424 6552
6434 6563
6440 6569
6454 6584
6459 6596
6462 6610
6466 6630
6472 6637
6476 6642
6487 6651
6493 6659
6502 6664
6507 6665
6513 6666
6516 6667
6519 6687
6538 6704
6540 6705
6541 6706
6542 6708
6549 6720
6564 6734
6570 6735
6605 6739
6614 6754
6619 6763
6622 6766
6626 6770
6628 6782
6658 6788
6660 6814
6664 6815
6666 6821
6669 6824
6671 6825
6690 6833
6702 6847
6714 6857
6715 6872
6724 6873
6738 6880
6761 6888
6768 6898
6770 6908
6774 6910
6775 6932
6800 6937
6818 6942
6829 6946
6840 6950
6860 6961
6878 6993
6882 7004
6889 7019
6916 7020
6917 7026
6929 7027
6937 7028
6947 7034
6958 7042
6964 7048
6977 7049
6981 7061
6984 7062
7000 7063
7004 7066
7021 7072
7037 7086
7049 7090
7069 7112
7086 7133
7106 7141
7128 7142
7130 7167
7156 7169
7162 7178
7166 7186
7198 7187
7200 7193
7222 7241
7228 7243
7236 7248
7239 7266
7254 7270
7274 7273
7275 7281
7288 7293
7308 7297
7336 7300
7364 7308
7366 7331
7368 7334
7372 7335
7381 7352
7408 7355
7413 7377
7422 7379
7430 7383
7441 7384
7450 7392
7457 7398
7462 7436
7500 7452
7504 7456
7507 7463
7521 7464
7535 7473
7561 7476
7563 7478
7572 7483
7585 7491
7586 7505
7593 7511
7600 7522
7641 7555
7650 7559
7653 7578
7654 7604
7659 7607
7683 7610
7687 7615
7696 7616
7699 7621
7711 7629
7713 7630
7716 7632
7718 7635
7728 7639
7734 7667
7738 7670
7749 7676
7756 7680
7757 7688
7785 7696
7786 7699
7787 7708
7797 7717
7817 7731
7824 7742
7878 7749
7905 7760
7908 7769
7917 7781
7936 7798
7938 7828
7942 7831
7943 7832
7979 7835
7984 7840
7986 7842
7998 7843
8009 7849
8016 7864
8023 7865
8045 7884
8057 7887
8066 7900
8071 7917
8076 7954
8081 7959
8094 7962
8108 7969
8133 7978
8160 7981
8171 7997
8182 8007
8185 8028
8196 8031
8197 8036
8204 8076
8205 8079
8218 8091
8220 8094
8229 8108
8233 8119
8238 8120
8241 8129
8243 8164
8247 8180
8249 8216
8254 8220
8259 8224
8265 8229
8266 8271
8275 8287
8279 8295
8294 8307
8301 8331
8303 8333
8333 8337
8346 8344
8360 8346
8373 8350
8389 8352
8393 8358
8408 8384
8409 8401
8411 8403
8416 8408
8417 8419
8419 8424
8429 8425
8436 8449
8446 8452
8449 8462
8457 8469
8462 8476
8469 8477
8484 8509
8496 8512
8497 8513
8534 8517
8538 8538
8551 8541
8561 8614
8562 8616
8566 8631
8567 8634
8568 8654
8589 8685
8590 8709
8591 8714
8602 8721
8611 8732
8613 8741
8615 8743
8620 8745
8636 8760
8653 8763
8677 8770
8680 8776
8688 8791
8706 8810
8710 8834
8711 8841
8723 8844
8739 8852
8742 8881
8756 8890
8779 8896
8792 8898
8802 8900
8819 8905
8833 8913
8834 8916
8857 8932
8895 8966
8915 8991
8918 9012
8922 9013
8923 9014
8928 9019
8971 9031
8980 9043
8983 9051
8993 9069
9022 9071
9023 9072
9033 9073
9067 9076
9083 9082
9084 9092
9099 9093
9105 9113
9123 9133
9130 9137
9139 9143
9149 9147
9163 9151
9164 9156
9186 9170
9203 9175
9204 9184
9208 9195
9219 9197
9233 9198
9242 9224
9250 9228
9271 9230
9318 9231
9322 9232
9331 9234
9367 9248
9375 9257
9388 9258
9389 9262
9409 9268
9414 9271
9417 9272
9437 9284
9438 9285
9455 9290
9464 9292
9470 9326
9476 9332
9477 9371
9480 9374
9489 9382
9491 9390
9519 9395
9522 9397
9524 9427
9529 9432
9551 9437
9552 9444
9560 9445
9594 9459
9597 9483
9612 9489
9615 9503
9636 9507
9638 9512
9647 9520
9650 9539
9667 9556
9676 9639
9679 9643
9682 9646
9688 9653
9695 9662
9708 9675
9716 9678
9726 9692
9733 9706
9739 9708
9762 9728
9772 9729
9774 9742
9799 9753
9803 9755
9823 9766
9836 9767
9840 9785
9869 9787
9871 9790
9886 9817
9892 9830
9894 9839
9895 9859
9900 9869
9905 9874
9908 9877
9911 9898
9952 9900
9968 9901
9994 9920
1000
9 3
17 7
21 14
38 27
40 48
45 54
50 57
67 62
84 69
89 74
101 83
104 97
121 98
129 120
131 128
134 138
163 141
165 144
169 146
178 148
182 160
184 161
197 169
201 174
208 204
209 208
227 214
232 215
236 223
239 252
251 264
259 279
260 282
271 289
282 290
283 296
296 302
297 308
308 319
313 324
314 328
321 336
323 342
330 366
350 393
361 409
372 417
384 437
394 443
395 456
411 466
414 467
454 472
457 475
470 483
479 491
482 504
487 511
498 525
513 550
520 556
553 566
574 568
582 586
589 587
614 590
616 591
623 598
632 601
635 603
642 616
663 629
664 655
668 669
681 670
686 679
690 685
747 687
769 693
770 725
789 740
799 760
810 772
821 806
825 837
832 863
840 866
848 868
859 869
863 875
875 878
890 886
891 896
902 924
904 931
907 949
909 954
919 975
943 983
962 988
968 999
984 1000
999 1004
1017 1005
1024 1013
1032 1020
1044 1021
1051 1033
1058 1042
1059 1052
1070 1078
1071 1110
1087 1121
1099 1123
1106 1127
1118 1139
1147 1152
1155 1155
1161 1156
1186 1160
1189 1164
1196 1173
1199 1189
1202 1190
1203 1194
1237 1212
1262 1214
1268 1216
1279 1250
1303 1259
1338 1267
1352 1269
1360 1271
1368 1283
1377 1304
1380 1315
1394 1318
1408 1341
1411 1365
1452 1369
1455 1381
1476 1386
1481 1387
1516 1391
1524 1397
1544 1428
1579 1432
1598 1434
1603 1441
1606 1442
1609 1443
1637 1444
1649 1478
1654 1487
1656 1488
1658 1521
1684 1532
1688 1545
1704 1552
1708 1564
1709 1567
1736 1583
1746 1613
1758 1624
1760 1631
1762 1639
1779 1652
1792 1653
1805 1667
1806 1668
1834 1693
1840 1699
1858 1701
1864 1715
1868 1729
1871 1733
1873 1749
1893 1757
1896 1786
1906 1802
1920 1806
1925 1807
1933 1810
1945 1812
1964 1816
1967 1829
1970 1877
1984 1893
2009 1895
2015 1899
2021 1907
2029 1916
2034 1921
2039 1941
2051 1944
2071 1951
2090 1954
2093 1963
2099 1982
2109 1984
2110 2000
2122 2037
2124 2040
2131 2051
2140 2066
2183 2072
2187 2074
2203 2084
2214 2132
2223 2133
2225 2137
2244 2148
2246 2153
2256 2159
2264 2162
2265 2165
2284 2172
2285 2186
2286 2196
2291 2202
2299 2213
2304 2221
2308 2222
2311 2233
2317 2247
2346 2252
2350 2255
2353 2257
2364 2308
2385 2321
2386 2328
2404 2329
2409 2332
2411 2340
2412 2375
2419 2378
2420 2389
2422 2403
2426 2425
2431 2429
2483 2437
2486 2438
2491 2441
2509 2456
2531 2468
2535 2472
2553 2473
2572 2481
2579 2488
2588 2495
2593 2507
2597 2509
2605 2510
2617 2529
2627 2556
2657 2570
2679 2582
2681 2599
2692 2609
2704 2612
2705 2614
2706 2624
2711 2630
2718 2654
2725 2659
2747 2660
2755 2669
2769 2684
2773 2687
2780 2694
2783 2696
2794 2698
2797 2699
2826 2715
2840 2733
2847 2737
2863 2738
2873 2748
2880 2751
2890 2770
2936 2775
2947 2793
2949 2826
2950 2828
2954 2844
2958 2859
2961 2869
2964 2873
2975 2885
2989 2887
3002 2890
3013 2893
3021 2895
3025 2904
3026 2910
3043 2912
3053 2930
3056 2945
3063 2951
3065 2952
3071 2975
3076 2985
3080 2999
3090 3004
3099 3006
3105 3014
3108 3018
3116 3021
3125 3025
3127 3031
3130 3038
3141 3039
3167 3047
3195 3048
3201 3085
3203 3088
3214 3092
3217 3108
3220 3121
3234 3125
3237 3154
3239 3156
3249 3178
3259 3191
3264 3197
3284 3205
3299 3217
3304 3224
3312 3237
3315 3240
3328 3246
3339 3262
3359 3274
3362 3275
3373 3286
3384 3310
3392 3327
3407 3347
3418 3387
3427 3394
3429 3405
3432 3414
3450 3417
3471 3431
3474 3435
3479 3443
3480 3458
3482 3472
3492 3481
3505 3483
3513 3509
3515 3523
3519 3535
3525 3552
3527 3564
3540 3573
3558 3574
3560 3578
3579 3579
3581 3596
3590 3607
3595 3609
3606 3614
3610 3638
3611 3657
3619 3661
3627 3669
3650 3685
3651 3697
3663 3709
3705 3737
3721 3742
3722 3747
3735 3755
3738 3760
3772 3765
3774 3769
3785 3770
3803 3787
3804 3799
3812 3815
3829 3821
3831 3823
3845 3824
3863 3827
3866 3836
3869 3865
3892 3873
3896 3881
3899 3889
3912 3895
3930 3900
3933 3915
3946 3929
3959 3937
3966 3939
3967 3954
3973 3964
3976 3972
3978 3974
3997 3987
4010 3995
4024 4004
4046 4026
4048 4043
4051 4049
4059 4057
4068 4063
4072 4076
4082 4078
4087 4085
4097 4087
4099 4088
4101 4101
4103 4102
4122 4107
4135 4108
4139 4116
4141 4122
4143 4133
4150 4140
4184 4145
4190 4155
4193 4160
4194 4170
4200 4174
4205 4178
4220 4190
4227 4195
4241 4202
4242 4217
4251 4240
4253 4255
4256 4281
4257 4291
4265 4296
4283 4315
4331 4317
4333 4322
4358 4327
4398 4336
4405 4352
4408 4354
4411 4356
4413 4376
4414 4384
4447 4393
4461 4401
4481 4406
4496 4411
4498 4414
4500 4422
4507 4427
4508 4440
4517 4449
4525 4458
4528 4469
4537 4473
4540 4485
4545 4493
4549 4494
4558 4505
4561 4519
4568 4521
4601 4526
4603 4552
4615 4560
4625 4581
4629 4586
4665 4588
4679 4597
4682 4604
4685 4606
4719 4626
4733 4628
4743 4644
4748 4660
4749 4672
4756 4675
4763 4679
4778 4681
4780 4691
4785 4702
4802 4708
4809 4709
4824 4715
4836 4717
4837 4722
4852 4730
4871 4777
4882 4784
4883 4824
4897 4846
4903 4868
4905 4888
4921 4892
4928 4896
4953 4901
4959 4909
4965 4912
4967 4928
4978 4931
4984 4936
5009 4943
5012 4959
5043 4963
5055 4964
5059 4969
5075 4970
5088 5003
5107 5009
5115 5018
5118 5019
5146 5020
5153 5027
5159 5052
5163 5070
5170 5082
5206 5094
5214 5096
5236 5109
5246 5116
5248 5127
5253 5153
5255 5161
5256 5188
5300 5196
5303 5199
5312 5215
5363 5225
5369 5236
5371 5244
5373 5245
5378 5253
5405 5258
5433 5261
5440 5266
5441 5270
5444 5272
5445 5274
5457 5290
5459 5296
5463 5297
5479 5305
5491 5332
5493 5336
5523 5348
5528 5351
5536 5362
5549 5376
5556 5382
5559 5383
5561 5396
5570 5398
5583 5405
5586 5406
5611 5413
5625 5421
5633 5430
5668 5446
5673 5451
5690 5482
5692 5487
5701 5489
5736 5491
5753 5500
5773 5508
5787 5511
5793 5522
5796 5535
5810 5546
5818 5579
5821 5584
5822 5599
5824 5601
5830 5604
5838 5627
5839 5628
5841 5636
5845 5642
5861 5660
5891 5664
5897 5671
5906 5675
5908 5692
5916 5698
5922 5712
5948 5723
5968 5728
5987 5805
5999 5812
6016 5818
6022 5847
6024 5854
6036 5857
6039 5861
6046 5862
6048 5877
6059 5883
6078 5897
6080 5903
6087 5905
6088 5908
6124 5909
6136 5936
6155 5949
6157 5961
6162 5967
6163 5982
6173 5993
6177 5994
6182 6005
6188 6009
6224 6010
6239 6013
6244 6014
6281 6018
6283 6030
6287 6031
6293 6041
6294 6049
6302 6052
6304 6057
6305 6073
6306 6076
6312 6079
6318 6086
6331 6091
6335 6107
6343 6115
6367 6124
6375 6126
6380 6145
6390 6150
6393 6153
6403 6166
6416 6172
6426 6176
6427 6177
6434 6201
6449 6205
6488 6206
6497 6210
6501 6218
6515 6222
6523 6225
6536 6258
6548 6274
6570 6287
6581 6289
6596 6301
6599 6307
6623 6309
6631 6318
6632 6319
6636 6325
6637 6346
6643 6347
6655 6378
6658 6388
6665 6390
6675 6402
6696 6407
6698 6426
6708 6427
6714 6430
6724 6432
6731 6447
6738 6451
6752 6458
6774 6463
6779 6476
6788 6479
6789 6508
6814 6520
6826 6551
6844 6557
6871 6558
6881 6559
6904 6565
6920 6568
6930 6600
6934 6610
6944 6621
6953 6627
6954 6647
6963 6662
6968 6665
6970 6668
6975 6670
6985 6681
6992 6698
6998 6709
7006 6733
7015 6734
7027 6747
7043 6750
7057 6752
7077 6758
7084 6763
7101 6771
7111 6772
7123 6785
7129 6795
7136 6818
7146 6837
7171 6843
7176 6850
7182 6855
7192 6859
7193 6869
7211 6883
7241 6884
7249 6903
7261 6905
7266 6930
7268 6946
7272 6948
7286 6987
7302 6995
7311 6998
7336 7007
7338 7011
7341 7014
7347 7032
7355 7036
7394 7043
7398 7046
7408 7047
7412 7050
7422 7051
7444 7061
7446 7105
7482 7111
7484 7112
7511 7115
7517 7131
7527 7152
7533 7169
7547 7175
7569 7176
7574 7177
7592 7184
7595 7186
7597 7203
7603 7211
7607 7225
7612 7235
7620 7241
7621 7246
7623 7251
7634 7255
7654 7257
7663 7282
7668 7283
7669 7323
7680 7330
7697 7332
7707 7343
7718 7346
7727 7368
7733 7379
7739 7380
7740 7382
7742 7385
7743 7391
7751 7406
7756 7409
7776 7438
7790 7439
7793 7452
7810 7456
7813 7460
7826 7463
7842 7465
7845 7472
7849 7476
7881 7485
7885 7495
7901 7525
7905 7554
7915 7562
7920 7591
7934 7607
7946 7617
7949 7619
7950 7626
7961 7630
7971 7632
7974 7634
7976 7654
7984 7666
7991 7671
8013 7697
8024 7698
8039 7728
8062 7729
8064 7742
8067 7747
8072 7768
8077 7770
8082 7792
8099 7798
8111 7812
8114 7818
8118 7847
8124 7859
8127 7864
8128 7898
8129 7936
8137 7940
8138 7942
8156 7945
8160 7959
8161 7963
8182 7979
8188 7981
8194 7992
8195 8004
8197 8006
8203 8016
8207 8023
8221 8043
8222 8055
8224 8082
8260 8093
8265 8112
8268 8114
8277 8115
8280 8118
8281 8120
8300 8122
8303 8124
8327 8126
8328 8147
8331 8149
8341 8155
8345 8158
8346 8162
8362 8168
8365 8173
8378 8180
8380 8215
8389 8219
8390 8233
8419 8238
8431 8239
8455 8250
8457 8255
8458 8279
8464 8282
8466 8285
8468 8301
8479 8304
8483 8309
8498 8313
8519 8314
8521 8331
8524 8336
8548 8352
8549 8354
8555 8368
8563 8380
8587 8397
8592 8399
8615 8416
8622 8421
8623 8447
8630 8451
8650 8458
8657 8462
8675 8470
8682 8473
8683 8487
8689 8504
8706 8515
8707 8518
8731 8527
8733 8534
8810 8555
8813 8556
8848 8573
8851 8587
8852 8589
8874 8638
8880 8647
8911 8654
8919 8656
8928 8659
8935 8685
8939 8694
8948 8702
8954 8708
8966 8710
8987 8716
8998 8730
9002 8772
9003 8789
9004 8824
9025 8833
9055 8834
9083 8835
9088 8844
9090 8848
9096 8859
9110 8866
9114 8871
9126 8873
9163 8876
9166 8882
9170 8912
9176 8920
9186 8922
9189 8927
9223 8954
9236 8959
9250 8960
9253 8964
9269 8965
9272 9003
9278 9011
9285 9030
9290 9044
9295 9064
9300 9066
9306 9069
9328 9080
9343 9107
9345 9111
9346 9116
9348 9145
9352 9157
9369 9169
9377 9178
9383 9179
9402 9232
9404 9238
9412 9255
9428 9268
9440 9278
9462 9284
9475 9305
9484 9313
9488 9322
9495 9323
9505 9340
9508 9349
9513 9350
9531 9352
9537 9370
9540 9385
9546 9414
9567 9415
9581 9422
9588 9426
9597 9431
9605 9501
9607 9503
9614 9516
9621 9517
9631 9519
9633 9527
9641 9532
9649 9552
9661 9565
9674 9592
9684 9624
9700 9626
9706 9628
9719 9664
9726 9680
9728 9695
9744 9697
9755 9702
9760 9705
9765 9715
9773 9718
9783 9748
9784 9758
9793 9768
9798 9771
9799 9775
9826 9779
9829 9781
9842 9790
9846 9801
9859 9809
9873 9849
9880 9873
9895 9884
9902 9891
9905 9894
9911 9899
9933 9901
9945 9905
9953 9919
9957 9940
9965 9943
9971 9956
9992 9960
1000
19 6
23 43
27 44
34 94
41 98
50 99
71 114
72 120
75 149
90 161
105 164
133 165
139 167
167 216
185 223
195 250
226 266
231 271
233 277
250 284
258 287
276 303
281 308
294 314
301 321
308 323
315 324
322 326
343 345
349 362
390 364
393 369
409 376
414 388
435 405
440 422
454 445
461 450
467 455
470 456
476 463
485 465
488 472
512 478
548 488
573 503
581 513
589 515
597 524
599 535
613 536
615 551
625 552
633 555
651 571
677 585
683 601
695 604
707 607
708 608
711 622
743 626
756 628
767 642
772 675
787 678
793 679
797 689
811 690
823 692
830 696
834 697
842 701
843 712
847 750
850 751
854 765
857 766
859 780
866 782
870 790
895 798
896 801
909 817
919 838
922 850
933 855
935 890
957 893
967 899
969 910
973 919
975 940
976 953
981 973
991 974
997 1013
1019 1052
1024 1058
1043 1063
1052 1075
1056 1078
1058 1081
1059 1092
1068 1095
1076 1110
1092 1118
1097 1141
1104 1145
1105 1159
1131 1179
1162 1201
1171 1206
1174 1230
1189 1232
1196 1233
1197 1236
1203 1244
1211 1247
1223 1251
1233 1255
1236 1262
1256 1263
1271 1272
1280 1289
1283 1304
1286 1316
1292 1347
1295 1364
1306 1370
1330 1372
1354 1381
1364 1402
1377 1407
1384 1412
1396 1424
1405 1434
1416 1442
1427 1446
1447 1448
1450 1459
1451 1460
1466 1461
1467 1465
1484 1481
1488 1485
1531 1487
1546 1490
1558 1501
1579 1506
1580 1511
1581 1517
1583 1521
1597 1523
1601 1530
1604 1538
1607 1572
1624 1578
1625 1596
1637 1600
1644 1621
1647 1622
1658 1624
1670 1632
1672 1645
1679 1650
1691 1674
1696 1680
1737 1687
1747 1696
1748 1703
1757 1713
1776 1720
1788 1746
1801 1749
1827 1758
1830 1773
1835 1789
1836 1799
1863 1802
1867 1804
1906 1815
1912 1819
1913 1829
1942 1836
1959 1851
1964 1869
1966 1870
1967 1874
1991 1890
1996 1891
1999 1918
2006 1940
2027 1941
2033 1945
2048 1964
2050 1971
2065 1976
2070 1977
2081 1978
2084 1984
2086 1991
2088 1992
2090 1993
2107 2008
2118 2035
2122 2048
2123 2060
2126 2069
2127 2075
2158 2080
2161 2096
2165 2097
2213 2100
2216 2114
2259 2115
2271 2122
2305 2128
2306 2135
2309 2140
2332 2142
2340 2158
2341 2172
2362 2178
2364 2179
2387 2182
2421 2218
2428 2252
2432 2262
2434 2266
2438 2281
2441 2285
2444 2295
2445 2296
2450 2310
2451 2318
2454 2336
2464 2360
2470 2361
2478 2387
2499 2389
2516 2391
2520 2398
2529 2409
2533 2412
2540 2416
2550 2423
2562 2429
2575 2442
2577 2446
2610 2451
2612 2453
2628 2459
2636 2473
2648 2500
2659 2503
2669 2508
2677 2513
2680 2522
2691 2535
2692 2556
2698 2600
2699 2607
2701 2638
2709 2648
2712 2649
2728 2656
2729 2667
2733 2671
2735 2673
2740 2689
2743 2691
2745 2712
2775 2719
2777 2721
2785 2748
2790 2752
2806 2754
2814 2773
2816 2790
2824 2793
2836 2810
2846 2811
2863 2813
2870 2829
2872 2834
2878 2836
2900 2846
2925 2848
2928 2850
2935 2864
2972 2877
2977 2882
2992 2890
3002 2891
3006 2893
3010 2895
3046 2905
3059 2910
3061 2917
3062 2928
3063 2932
3064 2933
3076 2942
3081 2944
3086 2963
3095 2967
3097 2969
3100 2974
3108 2979
3114 2983
3116 3001
3120 3022
3132 3027
3146 3039
3150 3052
3161 3056
3168 3061
3176 3085
3180 3092
3200 3093
3203 3097
3244 3107
3259 3122
3266 3131
3284 3133
3294 3134
3297 3140
3315 3145
3329 3148
3335 3171
3336 3178
3342 3180
3347 3192
3348 3194
3355 3205
3381 3208
3407 3254
3415 3264
3426 3272
3437 3275
3446 3280
3452 3289
3453 3341
3462 3346
3470 3387
3485 3402
3487 3407
3493 3428
3513 3436
3532 3437
3533 3446
3535 3452
3542 3453
3545 3462
3567 3467
3569 3473
3573 3476
3585 3478
3601 3481
3606 3491
3608 3498
3609 3501
3619 3512
3627 3531
3633 3539
3636 3548
3640 3551
3645 3558
3657 3559
3670 3560
3671 3566
3681 3592
3711 3594
3715 3601
3739 3606
3744 3621
3764 3626
3771 3633
3773 3645
3774 3659
3796 3665
3798 3668
3805 3672
3823 3690
3827 3691
3831 3701
3832 3708
3835 3709
3841 3710
3846 3729
3854 3730
3879 3768
3882 3771
3889 3774
3893 3807
3897 3828
3898 3847
3900 3854
3908 3856
3911 3860
3914 3863
3928 3882
3933 3883
3935 3917
3937 3918
3938 3919
3960 3922
3969 3966
3987 3980
3988 3981
3989 3983
3991 4002
4003 4004
4016 4027
4020 4030
4021 4043
4034 4049
4038 4094
4047 4097
4048 4105
4050 4116
4066 4137
4072 4144
4090 4145
4094 4146
4101 4153
4110 4160
4121 4172
4125 4191
4135 4197
4143 4205
4156 4219
4162 4221
4166 4226
4169 4233
4173 4241
4174 4257
4175 4299
4176 4302
4205 4318
4206 4322
4218 4326
4231 4332
4236 4342
4239 4354
4264 4357
4271 4382
4287 4398
4288 4405
4298 4410
4305 4413
4316 4414
4326 4426
4327 4435
4336 4443
4351 4448
4367 4450
4371 4461
4373 4472
4375 4498
4388 4519
4406 4550
4417 4572
4451 4581
4452 4591
4483 4601
4514 4609
4533 4617
4582 4624
4590 4627
4591 4631
4595 4645
4598 4647
4599 4654
4608 4661
4618 4664
4627 4670
4640 4680
4646 4713
4656 4717
4689 4719
4712 4721
4718 4722
4729 4737
4734 4757
4741 4760
4749 4765
4765 4775
4769 4779
4784 4798
4792 4827
4794 4829
4806 4832
4812 4843
4815 4866
4822 4867
4837 4872
4854 4876
4884 4882
4887 4891
4891 4911
4925 4913
4954 4931
4955 4936
4961 4937
4964 4942
4973 4980
4976 4986
4982 4990
5001 4998
5005 5002
5009 5009
5018 5033
5019 5036
5035 5040
5051 5054
5054 5064
5056 5095
5063 5101
5066 5108
5075 5118
5076 5121
5080 5131
5088 5137
5099 5152
5101 5155
5112 5166
5115 5170
5119 5172
5124 5181
5126 5205
5127 5210
5148 5220
5153 5241
5156 5251
5163 5253
5181 5278
5193 5281
5203 5287
5212 5301
5218 5318
5225 5348
5232 5384
5238 5392
5243 5393
5261 5409
5286 5415
5293 5417
5313 5427
5316 5428
5352 5437
5356 5479
5360 5484
5382 5486
5396 5509
5412 5517
5415 5534
5417 5542
5436 5547
5448 5558
5486 5578
5502 5579
5508 5580
5511 5595
5519 5603
5523 5614
5544 5623
5549 5624
5553 5626
5556 5639
5559 5645
5564 5677
5568 5678
5586 5685
5593 5692
5602 5704
5604 5717
5605 5718
5610 5723
5615 5736
5623 5748
5629 5764
5631 5789
5643 5790
5653 5798
5655 5801
5679 5807
5707 5811
5714 5823
5734 5842
5747 5869
5748 5895
5756 5921
5757 5922
5770 5930
5781 5937
5789 5945
5790 5950
5797 5962
5834 5963
5859 5968
5863 5969
5872 5974
5886 6001
5894 6022
5896 6026
5901 6030
5916 6055
5935 6056
5950 6067
5951 6071
5953 6085
6000 6123
6004 6124
6019 6143
6023 6147
6052 6148
6056 6151
6069 6153
6076 6160
6123 6164
6139 6184
6148 6193
6154 6231
6156 6241
6161 6249
6163 6251
6182 6268
6191 6272
6204 6285
6210 6290
6211 6291
6213 6297
6222 6313
6230 6316
6237 6317
6248 6335
6264 6336
6268 6356
6276 6366
6281 6395
6290 6396
6296 6419
6305 6421
6317 6431
6320 6437
6337 6445
6348 6455
6351 6466
6392 6490
6402 6494
6417 6496
6435 6498
6445 6506
6460 6507
6468 6510
6470 6511
6472 6514
6483 6520
6503 6541
6525 6567
6537 6570
6542 6583
6543 6598
6551 6608
6554 6612
6564 6617
6567 6645
6570 6702
6580 6708
6588 6713
6604 6735
6626 6737
6627 6740
6630 6761
6638 6780
6644 6781
6646 6785
6660 6793
6672 6807
6698 6825
6747 6849
6798 6855
6806 6857
6811 6887
6830 6897
6841 6907
6850 6908
6857 6918
6864 6919
6868 6941
6882 6947
6892 6952
6893 6953
6894 6963
6896 6982
6901 7007
6903 7020
6919 7021
6970 7034
6983 7043
6991 7045
6993 7068
6995 7070
6996 7078
7004 7092
7013 7094
7014 7113
7018 7121
7035 7122
7059 7124
7060 7144
7064 7152
7071 7163
7086 7178
7109 7214
7131 7215
7134 7216
7140 7217
7145 7221
7149 7225
7152 7226
7158 7228
7170 7236
7181 7271
7186 7273
7237 7299
7240 7307
7250 7308
7260 7315
7266 7337
7282 7347
7317 7351
7318 7355
7332 7359
7357 7364
7370 7379
7388 7382
7390 7385
7410 7390
7427 7415
7432 7421
7456 7428
7460 7432
7462 7433
7463 7488
7467 7508
7468 7510
7469 7523
7478 7539
7496 7545
7515 7546
7517 7550
7524 7555
7526 7562
7529 7564
7533 7565
7535 7569
7548 7570
7561 7582
7566 7615
7571 7645
7573 7646
7583 7647
7609 7649
7622 7674
7626 7683
7652 7690
7662 7699
7680 7703
7705 7724
7722 7736
7760 7737
7761 7746
7775 7749
7786 7755
7789 7758
7806 7765
7809 7766
7820 7815
7824 7824
7832 7825
7837 7847
7854 7885
7858 7893
7859 7920
7860 7927
7861 7960
7866 7978
7873 7990
7880 7997
7881 8001
7883 8003
7895 8005
7897 8011
7929 8024
7974 8027
7976 8040
7980 8043
7986 8051
7991 8058
8000 8060
8008 8063
8044 8085
8059 8107
8078 8111
8084 8112
8094 8114
8100 8127
8107 8146
8110 8166
8112 8169
8132 8180
8155 8193
8157 8199
8160 8227
8182 8239
8196 8245
8200 8252
8215 8262
8217 8271
8219 8277
8228 8280
8238 8285
8246 8303
8254 8310
8263 8321
8266 8329
8279 8332
8304 8335
8317 8348
8324 8402
8330 8406
8336 8407
8357 8409
8363 8411
8374 8433
8380 8444
8385 8446
8392 8462
8396 8464
8398 8469
8402 8474
8403 8475
8405 8477
8414 8487
8417 8491
8427 8493
8441 8501
8444 8502
8461 8520
8462 8525
8475 8538
8483 8541
8487 8545
8490 8548
8491 8556
8493 8562
8513 8601
8530 8605
8533 8631
8538 8640
8542 8643
8544 8650
8564 8652
8566 8666
8587 8672
8616 8675
8628 8683
8631 8699
8649 8712
8652 8722
8659 8730
8665 8732
8668 8733
8670 8758
8677 8764
8679 8780
8714 8785
8718 8787
8722 8790
8731 8815
8745 8832
8750 8845
8763 8849
8770 8853
8806 8864
8807 8865
8818 8881
8823 8892
8850 8894
8858 8921
8859 8933
8863 8939
8884 8943
8886 8953
8893 8959
8900 8962
8906 8965
8919 8977
8930 9003
8971 9004
8988 9011
8990 9018
8998 9055
9011 9059
9019 9070
9023 9072
9024 9077
9055 9093
9061 9095
9082 9101
9083 9113
9115 9117
9116 9121
9121 9128
9125 9149
9134 9164
9209 9174
9212 9176
9232 9189
9253 9191
9254 9206
9264 9212
9271 9221
9273 9231
9279 9238
9291 9243
9293 9256
9339 9257
9342 9269
9349 9280
9352 9296
9361 9302
9364 9320
9389 9332
9403 9336
9405 9354
9412 9384
9428 9386
9451 9391
9457 9407
9492 9412
9496 9427
9503 9442
9506 9447
9516 9453
9526 9460
9543 9479
9571 9480
9573 9481
9578 9496
9592 9499
9594 9510
9615 9527
9617 9531
9640 9551
9656 9556
9663 9562
9664 9563
9676 9572
9680 9579
9681 9608
9688 9613
9701 9625
9703 9635
9713 9639
9733 9656
9755 9660
9767 9671
9775 9674
9798 9675
9799 9677
9804 9682
9818 9692
9819 9701
9830 9730
9832 9738
9840 9759
9853 9767
9857 9802
9869 9804
9875 9809
9876 9830
9879 9844
9903 9853
9904 9859
9909 9868
9914 9878
9916 9884
9920 9885
9929 9887
9937 9898
9957 9921
9971 9930
9981 9935
9985 9944
9988 9973
9989 9974