510
0 657
1970 2322
3026 4433
7247 8128
9890 10282
11064 11381
12015 12700
14069 15050
17010 18148
20422 21016
22204 22580
23332 23518
23889 25105
27537 28225
29600 30174
31322 32405
34569 37007
41882 42545
43870 44495
45743 46835
49018 49588
50728 51347
52585 52628
52713 52964
53464 53895
54755 54793
54868 55484
56716 57524
59140 59161
59202 59368
59700 59980
60538 61167
62423 63237
64865 65023
65338 65745
66558 66670
66893 66944
67046 67104
67218 68083
69811 70235
71082 71460
72215 72324
72542 74788
79280 80774
83760 83868
84082 84083
84084 88109
96159 96909
98409 98603
98991 99073
99236 99605
100341 101001
102319 102785
103715 103732
103766 103896
104156 104594
105469 105507
105583 105632
105730 106306
107457 107577
107816 109802
113774 114323
115421 115596
115945 116896
118797 118849
118953 119662
121080 122230
124528 124623
124813 124856
124942 125157
125585 126241
127553 127677
127923 129970
134063 136363
140961 141128
141460 141499
141576 141846
142386 142472
142643 143564
145404 145727
146372 146587
147017 147082
147212 147574
148296 149050
150558 150717
151033 151264
151725 152392
153726 155403
158757 159593
161264 162023
163539 165333
168919 169105
169477 170429
172332 174222
178002 178710
180125 180530
181339 181619
182178 182967
184544 184757
185181 185304
185550 186049
187047 187124
187278 187775
188768 189283
190312 190726
191553 191986
192851 193292
194174 194926
196430 197383
199289 199392
199597 199686
199862 200050
200424 200514
200693 201164
202104 202158
202266 202897
204159 204402
204886 205252
205983 206130
206422 206694
207236 207272
207343 208438
210627 210787
211106 214425
221063 221198
221466 222087
223329 223561
224023 225045
227088 227486
228280 228336
228448 230457
234473 235026
236130 236616
237588 238092
239100 239123
239167 239697
240757 242367
245587 246546
248463 248678
249106 249352
249842 250096
250602 252104
255106 258661
265771 266425
267732 268129
268922 268974
269078 270728
274028 274898
276638 276652
276678 276985
277598 278095
279089 279953
281680 282685
284693 285126
285991 288594
293799 294045
294535 294971
295841 296562
298004 299764
303283 303424
303705 303922
304354 306276
310118 311370
313874 314081
314493 315979
318949 320028
322185 322958
324503 325313
326932 327247
327876 328123
328615 328617
328621 329985
332713 333640
335493 335740
336234 336833
338029 338108
338266 340684
345518 345761
346245 347376
349638 349912
350459 351030
352170 353915
357403 357991
359165 359617
360520 361135
362363 362425
362547 362619
362763 364141
366895 367076
367436 368298
370021 370763
372247 372421
372769 372822
372927 373929
375931 377320
380097 381189
383371 383523
383826 384947
387189 387215
387265 387321
387431 388129
389523 390715
393099 393326
393780 394197
395030 395528
396522 399178
404489 405143
406449 407078
408335 408359
408407 408493
408664 409036
409780 410676
412466 412475
412492 413823
416484 417149
418477 418682
419090 419162
419304 419770
420701 421075
421822 422896
425044 426047
428051 428224
428570 429294
430742 431866
434113 434242
434500 434559
434677 435577
437376 437708
438371 439045
440393 440662
441199 441245
441336 442754
445590 446153
447278 448234
450146 450206
450326 450914
452089 453416
456070 456400
457060 457193
457457 457793
458465 459076
460298 461275
463228 463650
464492 464968
465918 466580
467903 467924
467965 468078
468304 469099
470688 473194
478205 482362
490676 490988
491610 491958
492653 493491
495167 495501
496167 498865
504259 505808
508904 509110
509522 511862
516542 516880
517554 517600
517691 517965
518511 518588
518741 518743
518745 518754
518772 519059
519632 520037
520846 522866
526906 527301
528089 528188
528386 528513
528767 528922
529231 532796
539925 540545
541785 543486
546888 547034
547326 550058
555521 556088
557220 557682
558605 560104
563101 564075
566023 566065
566147 566205
566321 566426
566636 566908
567450 567547
567739 568032
568617 569008
569789 570502
571926 573278
575982 576508
577558 579537
583493 584600
586813 587978
590307 591173
592905 593512
594724 595088
595816 597592
601143 601703
602822 602863
602944 603706
605228 606855
610108 610630
611672 611901
612357 613990
617254 617489
617958 618188
618647 619215
620349 620893
621979 621998
622036 622113
622267 622514
623008 623480
624422 625047
626297 626317
626357 627025
628359 630334
634284 635102
636738 636835
637028 637093
637223 637289
637420 638571
640871 641115
641602 642260
643575 646244
651580 651652
651796 652013
652446 654631
658999 660781
664344 664656
665280 665452
665794 666257
667183 667250
667384 668213
669871 670299
671155 671176
671218 671366
671662 672249
673423 674275
675977 676360
677126 677150
677197 677731
678799 680284
683252 683304
683407 683683
684235 684704
685640 688510
694248 694674
695526 696186
697506 698294
699870 700609
702086 702448
703171 703310
703587 703832
704322 704794
705738 705894
706205 706237
706301 707381
709540 709917
710670 710934
711461 711958
712952 713345
714129 714391
714913 715289
716039 716823
718390 719468
721623 722030
722843 723273
724133 724261
724516 725145
726401 727101
728499 728837
729512 729890
730644 731108
732035 732113
732268 733079
734699 734767
734902 735642
737121 737225
737433 738747
741373 742128
743636 743754
743990 744094
744302 746020
749454 750736
753299 753747
754641 754923
755487 755534
755626 755721
755909 758027
762262 764224
768146 768307
768627 768846
769283 772570
779142 780524
783288 783977
785353 785380
785432 785540
785755 786317
787440 788234
789822 790259
791132 791403
791944 792261
792893 793514
794754 794871
795104 795374
795913 796881
798815 799495
800854 801239
802008 802427
803264 803431
803764 804357
805543 805689
805980 806104
806350 806539
806917 807178
807698 808556
810271 811078
812692 812832
813112 813176
813304 813334
813393 814547
816853 816914
817036 818368
821030 821510
822469 823001
824065 824139
824285 824630
825318 825527
825945 826455
827473 828090
829322 829425
829631 831907
836457 836572
836800 837324
838371 839309
841183 842152
844090 844337
844830 845106
845657 845972
846602 846742
847022 847113
847294 848151
849863 849995
850257 851218
853140 857114
865061 867033
870976 871306
871964 872223
872741 873017
873567 875262
878650 878939
879516 879738
880181 882261
886419 888332
892158 892371
892796 892809
892834 894530
897920 898876
900787 901130
901815 902586
904126 904902
906452 906613
906935 908240
910848 911268
912106 912170
912296 912527
912988 915801
921426 921589
921915 922000
922170 922413
922897 923214
923846 926426
931585 932119
933185 934069
935837 936213
936965 937260
937850 938541
939921 940858
942731 945107
949858 951100
953584 954709
956958 957835
959587 959825
960301 960497
960888 960903
960933 961232
961829 962393
963521 963652
963912 964369
965281 965361
965519 966124
967334 967408
967556 968046
969024 969058
969125 969339
969767 969782
969812 970369
971481 971528
971622 971730
971944 972098
972404 972664
973182 973513
974175 975186
977206 977570
978298 981624
988275 989298
991344 991462
991698 993991
998576 998824
999319 999546
