544
0 5231487
15694459 22145448
35047424 49329845
77894686 80518510
85766158 90721205
100631299 111383365
132887497 135077205
139456620 151970864
176999350 180807093
188422577 198809732
219584041 224243653
233562875 238330845
247866785 251790148
259636874 264720874
274888872 275130842
275614781 279447558
287113111 295890423
313445046 328865581
359706651 365218352
376241752 386455066
406881693 411538059
420850791 428793561
444679101 456372883
479760447 479767227
479780787 482793059
488817601 491148531
495810390 497105917
499696969 508925927
527383841 545569417
581940569 594217637
618771771 621061657
625641429 635119922
654076907 655907602
659568990 666188690
679428088 689291242
709017548 715335265
727970699 732863936
742650409 760913042
797438307 799837509
804635911 816129559
839116854 839169670
839275301 840300974
842352318 849444379
863628499 880997273
915734821 919448141
926874779 940119607
966609262 967005621
967798339 970432789
975701687 977565727
981293807 982512731
984950578 995818950
1017555694 1030891709
1057563737 1057661385
1057856681 1062229199
1070974235 1071008473
1071076947 1073058683
1077022155 1077030973
1077048607 1096927835
1136686289 1139136232
1144036118 1144362428
1145015048 1147465151
1152365356 1154813174
1159708810 1159721779
1159747715 1160820670
1162966579 1167889669
1177735849 1187706936
1207649109 1218680506
1240743298 1241077118
1241744758 1241974474
1242433905 1242434644
1242436121 1247868619
1258733613 1268136252
1286941528 1287861995
1289702927 1289878770
1290230456 1290248205
1290283703 1291463946
1293824431 1296902853
1303059697 1309077112
1321111942 1327510274
1340306937 1344773732
1353707322 1359686979
1371646293 1380339318
1397725366 1401460112
1408929602 1410315410
1413087026 1423111577
1443160678 1452049738
1469827857 1476479032
1489781380 1534958019
1625311296 1633324185
1649349962 1660302631
1682207969 1686691460
1695658441 1703392059
1718859294 1724615529
1736127998 1743833003
1759243013 1761889653
1767182933 1777325368
1797610236 1813831172
1846273042 1849521392
1856018092 1870057153
1898135273 1898837909
1900243180 1900576489
1901243106 1902803363
1905923877 1911115791
1921499617 1921978193
1922935345 1924139540
1926547929 1929453610
1935264970 1936165879
1937967697 1941449756
1948413872 1948442957
1948501125 1960507637
1984520659 1987871893
1994574360 1999275884
2008678931 2011394343
2016825167 2022943398
2035179860 2040982320
2052587239 2054236544
2057535153 2064058108
2077104017 2079780254
2085132726 2090819863
2102194135 2102455876
2102979358 2113314369
2133984390 2135135151
2137436672 2138111943
2139462485 2147769335
2164383035 2174328791
2194220301 2198867025
2208160472 2208188076
2208243284 2215038093
2228627710 2235853685
2250305634 2254908947
2264115572 2264713104
2265908167 2280426923
2309464435 2328542276
2366697956 2369684268
2375656891 2383267618
2398489070 2400099522
2403320426 2404530864
2406951738 2407329948
2408086368 2412671276
2421841090 2429166137
2443816231 2443838040
2443881658 2447090395
2453507869 2456561776
2462669588 2463436085
2464969078 2477097104
2501353156 2503896635
2508983592 2516969551
2532941467 2540301768
2555022370 2555430208
2556245884 2567966558
2591407905 2600969074
2620091410 2623399491
2630015652 2630696696
2632058782 2636422383
2645149585 2653679463
2670739217 2670746576
2670761293 2680901726
2701182592 2701235312
2701340752 2706668525
2717324069 2718313634
2720292763 2726936703
2740224581 2740966387
2742449997 2748813184
2761539556 2767169579
2778429625 2779952309
2782997677 2783005728
2783021828 2793192452
2813533700 2813542699
2813560696 2818226809
2827559034 2831550970
2839534840 2842478901
2848367023 2851878504
2858901465 2860933742
2864998294 2872837854
2888516972 2890813801
2895407459 2898828014
2905669122 2905678897
2905698447 2907536589
2911212872 2919502289
2936081123 2947547975
2970481678 2971064291
2972229516 2973120569
2974902673 2976827444
2980676984 2980678632
2980681927 2987517231
3001187839 3006124924
3015999092 3022687345
3036063851 3037202649
3039480243 3050888766
3073705812 3076212408
3081225598 3093523672
3118119820 3118137469
3118172766 3128171723
3148169636 3149129164
3151048219 3153804743
3159317791 3170250920
3192117177 3204084512
3228019180 3228302386
3228868798 3229292132
3230138798 3237049289
3250870270 3256145829
3266696946 3277451349
3298960153 3321710503
3367211203 3372956383
3384446743 3385769938
3388416326 3395130806
3408559766 3408592275
3408657292 3424204873
3455300034 3462775847
3477727473 3478103523
3478855622 3481674193
3487311335 3487322751
3487345583 3490051568
3495463537 3499906477
3508792357 3514365535
3525511891 3532792857
3547354787 3554116788
3567640788 3583834310
3616221353 3617092277
3618834124 3618871736
3618946960 3627203037
3643715190 3650865693
3665166699 3667293166
3671546099 3674681990
3680953770 3689301738
3705997672 3709949653
3717853613 3719794416
3723676022 3736704946
3762762794 3770166372
3784973526 3791727835
3805236452 3805248407
3805272316 3811819350
3824913417 3825020745
3825235400 3825924155
3827301664 3838327337
3860378682 3864622448
3873109978 3876427245
3883061777 3883246018
3883614498 3891529459
3907359380 3910218210
3915935869 3916886580
3918788002 3925146375
3937863119 3945017877
3959327393 3965198431
3976940507 3982121760
3992484266 3995165027
4000526547 4017074080
4050169145 4057356420
4071730969 4076811884
4086973714 4110175404
4156578783 4158105322
4161158399 4161257422
4161455468 4168337668
4182102067 4189828415
4205281110 4213621292
4230301656 4239299353
4257294745 4258237458
4260122882 4261089926
4263024014 4263050271
4263102785 4273692942
4294873255 4301784130
4315605880 4315637446
4315700576 4317353600
4320659646 4321356594
4322750489 4337427239
4366780737 4381067596
4409641312 4410450410
4412068606 4413476986
4416293746 4418228740
4422098727 4430608494
4447628028 4448336877
4449754573 4450113639
4450831771 4459371300
4476450356 4481365206
4491194905 4492567352
4495312246 4500952107
4512231828 4512259619
4512315199 4514501680
4518874641 4519554049
4520912863 4528281762
4543019559 4544894557
4548644552 4552651668
4560665899 4560709986
4560798158 4561695888
4563491347 4571342155
4587043771 4588992404
4592889668 4595650024
4601170734 4602066465
4603857926 4611957508
4628156672 4630518050
4635240806 4646497733
4669011587 4671434001
4676278829 4694162060
4729928520 4730018224
4730197630 4741919014
4765361781 4772877751
4787909689 4790316879
4795131259 4798890630
4806409372 4819980499
4847122752 4847441400
4848078694 4851753794
4859103993 4863186773
4871352333 4871363597
4871386125 4881999258
4903225524 4907317800
4915502351 4918698662
4925091282 4929686427
4938876717 4939875484
4941873016 4944988276
4951218796 4951228766
4951248704 4952141033
4953925690 4956907630
4962871509 4963176516
4963786530 4969581574
4981171662 4984500656
4991158642 4996559280
5007360554 5010053256
5015438660 5035354598
5075186472 5079650787
5088579417 5104058871
5135017779 5136227277
5138646272 5141425247
5146983195 5148130987
5150426570 5152774175
5157469384 5172002666
5201069229 5202144102
5204293848 5208061770
5215597612 5215666910
5215805506 5216152079
5216845223 5222734876
5234514181 5236242034
5239697738 5258102945
5294913357 5297522269
5302740091 5304331954
5307515680 5309461702
5313353745 5324871007
5347905531 5347917333
5347940936 5357469341
5376526151 5377274874
5378772320 5378775162
5378780846 5387938660
5406254286 5416541188
5437114990 5442675444
5453796352 5457559084
5465084547 5466982911
5470779637 5477483060
5490889905 5501844155
5523752653 5533780856
5553837262 5564630813
5586217915 5588870960
5594177050 5594353846
5594707437 5594710088
5594715389 5595807318
5597991176 5624723734
5678188849 5684744268
5697855105 5707218347
5725944830 5731919084
5743867591 5747622921
5755133579 5758903567
5766443542 5769274686
5774936972 5775437222
5776437722 5780806656
5789544523 5796450500
5810262453 5818333680
5834476132 5837626797
5843928125 5844915285
5846889604 5852405958
5863438665 5867477195
5875554253 5875722217
5876058143 5878876442
5884513038 5890394315
5902156867 5907043059
5916815441 5918163937
5920860928 5942922414
5987045386 6000581562
6027653913 6028553230
6030351863 6041486256
6063755040 6069764299
6081782816 6087091697
6097709458 6097712669
6097719089 6099867600
6104164620 6109065974
6118868681 6118880462
6118904022 6123834978
6133696889 6136367431
6141708513 6167255697
6218350064 6227700051
6246400024 6251603598
6262010744 6281906266
6321697308 6323148979
6326052321 6331476627
6342325239 6348495085
6360834775 6362366795
6365430835 6367607707
6371961451 6376634006
6385979114 6387603530
6390852360 6397045348
6409431323 6411671239
6416151071 6416198108
6416292180 6418851893
6423971317 6427229721
6433746529 6435026118
6437585294 6437907910
6438553142 6445556026
6459561792 6460033146
6460975854 6461358598
6462124084 6465544919
6472386588 6473681190
6476270393 6478876709
6484089340 6500022002
6531887325 6544870973
6570838269 6572245128
6575058844 6578081725
6584127486 6584135056
6584150194 6584344590
6584733381 6591972532
6606450833 6611031310
6620192264 6632799150
6658012922 6672925915
6702751900 6704127082
6706877444 6715653414
6733205352 6746377995
6772723279 6774190765
6777125736 6781587756
6790511795 6792040627
6795098291 6800489442
6811271743 6811383294
6811606395 6819636751
6835697463 6835705144
6835720505 6837262587
6840346749 6842455247
6846672243 6859693592
6885736288 6892117102
6904878728 6904885549
6904899190 6907454297
6912564509 6914175867
6917398582 6920116736
6925553044 6933039568
6948012615 6948039643
6948093698 6954046746
6965952841 6973137537
6987506928 6989727932
6994169939 7015514685
7058204175 7060602118
7065398003 7080949068
7112051197 7121192376
7139474734 7139826771
7140530844 7144213288
7151578174 7156437336
7166155660 7170666271
7179687491 7180052617
7180782867 7180783459
7180784642 7213283367
7278280817 7285255366
7299204462 7300873810
7304212505 7311353066
7325634186 7328475882
7334159274 7341271934
7355497253 7355970853
7356918051 7360042510
7366291427 7370632953
7379316005 7382214796
7388012377 7388474610
7389399074 7396183937
7409753661 7414531739
7424087895 7429879275
7441462035 7446201545
7455680565 7455805367
7456054971 7461179166
7471427555 7471874863
7472769478 7485875942
7512088870 7526642372
7555749376 7560575206
7570226866 7577591388
7592320432 7611068277
7648563965 7651002832
7655880566 7657719266
7661396666 7662434433
7664509965 7665490890
7667452738 7670684139
7677146939 7684607487
7699528582 7724725911
7775120569 7779502581
7788266605 7789175272
7790992605 7791785697
7793371881 7793544159
7793888713 7793986162
7794181058 7797622762
7804506170 7805184679
7806541697 7809209275
7814544429 7822691922
7838986908 7847660337
7865007194 7866720253
7870146369 7879290061
7897577444 7908235093
7929550391 7932453808
7938260642 7941874754
7949102978 7952724973
7959968962 7963038385
7969177229 7971036426
7974754818 7975813761
7977931646 7987245643
8005873636 8006714056
8008394895 8009864731
8012804401 8012808897
8012817888 8012823254
8012833985 8027248779
8056078366 8063217501
8077495770 8087158127
8106482841 8108369650
8112143266 8115081876
8120959095 8124529984
8131671761 8131713051
8131795630 8147680318
8179449694 8212492353
8278577669 8303282157
8352691132 8353189044
8354184867 8373173247
8411150005 8416346223
8426738658 8430710604
8438654496 8441807509
8448113535 8448201054
8448376091 8460149849
8483697364 8497910122
8526335636 8533170470
8546840138 8548039405
8550437938 8560110273
8579454943 8579482076
8579536342 8582609847
8588756857 8593717105
8603637600 8607746282
8615963645 8623828753
8639558968 8646078652
8659118019 8661982449
8667711308 8668976224
8671506056 8674134964
8679392780 8691156938
8714685252 8717363544
8722720128 8734372231
8757676436 8758189119
8759214485 8774041239
8803694745 8816307368
8841532613 8846320823
8855897241 8889977750
