510
0 20632371
61897113 64953961
71067657 74983786
82816043 89096835
101658418 101924593
102456942 104132618
107483968 111354286
119094921 132137468
158222561 158783687
159905938 173267407
199990343 203835707
211526435 226562155
256633594 258464770
262127121 269611915
284581501 293371151
310950451 312592997
315878088 320351687
329298884 333743597
342633022 352811681
373168998 377998582
387657748 387700452
387785860 392682987
402477240 410467806
426448936 428974369
434025234 434888062
436613718 445608599
463598359 467985434
476759583 485888770
504147144 505237482
507418157 525037397
560275877 560615240
561293964 563244388
567145236 569662918
574698281 574710031
574733530 587214854
612177501 614951472
620499413 622843914
627532915 628200943
629536998 631690553
635997662 637013517
639045226 640521181
643473090 657033663
684154807 694888716
716356534 719428006
725570949 726030572
726949817 727811078
729533599 733630884
741825453 750045732
766486288 767288610
768893253 769083195
769463077 771916966
776824743 781656082
791318759 794968638
802268396 802512779
803001545 822244094
860729191 870178700
889077716 889123543
889215195 889513935
890111415 890208245
890401903 890402024
890402266 893657357
900167539 901643282
904594767 911398470
925005874 926568468
929693654 934822333
945079690 949708325
958965595 961735316
967274758 979792090
1004826752 1007425648
1012623439 1019872701
1034371224 1035464802
1037651957 1064380737
1117838295 1129227235
1152005115 1155801220
1163393429 1164250493
1165964621 1167643399
1171000953 1173665637
1178995005 1181953590
1187870760 1188939160
1191075958 1191315606
1191794901 1193683630
1197461087 1200548385
1206722981 1221521312
1251117974 1263280432
1287605346 1289383142
1292938732 1293680473
1295163953 1304392447
1322849433 1329304511
1342214666 1345742259
1352797444 1358003503
1368415619 1380004986
1403183720 1403661892
1404618236 1416281614
1439608369 1439732354
1439980323 1440949925
1442889128 1445291124
1450095114 1451663157
1454799242 1455241205
1456125130 1456397883
1456943388 1474965527
1511009803 1518414501
1533223896 1533343835
1533583713 1540258814
1553609016 1565397883
1588975617 1590244679
1592782802 1601421196
1618697983 1643653295
1693563919 1693797212
1694263797 1701121931
1714838198 1719255634
1728090505 1739866057
1763417159 1775431939
1799461499 1810651297
1833030891 1833639783
1834857566 1835359050
1836362018 1836384126
1836428340 1846288337
1866008331 1866900116
1868683685 1876326514
1891612172 1904490677
1930247687 1930957211
1932376258 1933324343
1935220511 1956223795
1998230363 2019093026
2060818350 2064464449
2071756647 2076238551
2085202358 2097970711
2123507415 2125862927
2130573949 2131990659
2134824077 2138822097
2146818136 2155634892
2173268403 2180967727
2196366374 2200643244
2209196984 2214513793
2225147409 2247978577
2293640912 2294709006
2296845192 2297321706
2298274734 2304034214
2315553172 2322832761
2337391938 2340035806
2345323540 2367800525
2412754493 2441478125
2498925388 2500225154
2502824685 2507515096
2516895917 2519043835
2523339669 2527311923
2535256430 2535921478
2537251572 2538288350
2540361906 2543999811
2551275621 2551303197
2551358347 2551934107
2553085625 2553301313
2553732688 2554678050
2556568773 2564379501
2580000957 2583210237
2589628797 2594277050
2603573554 2617611599
2645687688 2653366192
2668723200 2669118898
2669910294 2677640078
2693099644 2713375270
2753926522 2757899102
2765844262 2767440018
2770631528 2770799748
2771136188 2772011766
2773762920 2774679769
2776513467 2781012666
2790011062 2790755402
2792244081 2795839587
2803030597 2819197866
2851532402 2851593091
2851714468 2858757043
2872842193 2884765637
2908612525 2918905940
2939492768 2945160572
2956496180 2961356336
2971076646 2971656011
2972814741 3019144689
3111804583 3118576376
3132119962 3140484196
3157212663 3165349173
3181622192 3184534300
3190358516 3193369845
3199392501 3201761288
3206498862 3214089759
3229271553 3235526353
3248035952 3251233791
3257629468 3273477591
3305173836 3307044056
3310784496 3324231150
3351124456 3351481043
3352194216 3354466228
3359010250 3364072263
3374196289 3374566367
3375306523 3389538420
3418002214 3418029485
3418084027 3419230452
3421523302 3424788210
3431318026 3438834400
3453867148 3457029672
3463354719 3466650187
3473241121 3479040754
3490640020 3491861347
3494304001 3494717165
3495543493 3499377171
3507044525 3513367692
3526014026 3534726050
3552150097 3556550322
3565350772 3572418375
3586553580 3613318819
3666849297 3672840785
3684823760 3692632378
3708249612 3720109110
3743828106 3745263280
3748133626 3761376825
3787863222 3796459809
3813652981 3825667907
3849697759 3861500948
3885107326 3889008424
3896810618 3897178097
3897913053 3902575602
3911900699 3918858609
3932774428 3937723083
3947620391 3949769115
3954066561 3956122988
3960235842 3961962299
3965415212 3967239637
3970888485 3987225564
4019899722 4022364442
4027293882 4027313327
4027352217 4032901911
4044001299 4044041068
4044120605 4050640045
4063678925 4064306676
4065562177 4075084642
4094129570 4103443215
4122070504 4125289865
4131728585 4132540825
4134165305 4136368035
4140773493 4152739752
4176672268 4196610245
4236486198 4242959079
4255904839 4259776648
4267520265 4269505563
4273476157 4277662872
4286036300 4287729509
4291115925 4297398857
4309964720 4312795908
4318458283 4325235962
4338791319 4349903392
4372127538 4385608363
4412570012 4422579362
4442598062 4454628891
4478690549 4486782791
4502967273 4509533060
4522664632 4528689889
4540740401 4561793559
4603899874 4617747165
4645441746 4653406791
4669336879 4684458514
4714701782 4735435171
4776901948 4778234877
4780900733 4782838012
4786712570 4791845999
4802112856 4805907979
4813498224 4840292506
4893881070 4895000032
4897237954 4906892161
4926200575 4934815043
4952043978 4952267766
4952715342 4970804758
5006983588 5010713329
5018172809 5025943407
5041484603 5041865242
5042626518 5047782370
5058094073 5071516788
5098362218 5112244105
5140007879 5141333884
5143985892 5155923478
5179798649 5199842221
5239929365 5244031333
5252235269 5257292462
5267406847 5269954864
5275050897 5276657048
5279869349 5280702719
5282369459 5304367966
5348364979 5364829613
5397758881 5415797101
5451873541 5454462640
5459640838 5463019504
5469776835 5470067028
5470647412 5473002525
5477712749 5487659484
5507552952 5511700428
5519995379 5523406480
5530228680 5551649943
5594492468 5604233463
5623715453 5630151512
5643023629 5648888077
5660616972 5676681573
5708810774 5708973134
5709297854 5719048256
5738549058 5744948898
5757748576 5757827375
5757984973 5760021172
5764093569 5769286194
5779671444 5794685013
5824712150 5824924075
5825347923 5828988756
5836270421 5838835294
5843965040 5845685035
5849125025 5858569171
5877457463 5884595435
5898871379 5900894149
5904939688 5909629074
5919007844 5941461974
5986370232 5998974358
6024182610 6024692894
6025713461 6031610968
6043405980 6050223583
6063858788 6066176962
6070813310 6082176769
6104903685 6120896668
6152882634 6155586229
6160993418 6165305342
6173929189 6182464243
6199534350 6204512059
6214467475 6218223101
6225734351 6230756723
6240801465 6247045918
6259534822 6262437178
6268241888 6269065514
6270712764 6273217928
6278228256 6278353281
6278603330 6289246290
6310532209 6317550400
6331586780 6343527574
6367409160 6367658981
6368158621 6371188844
6377249289 6380598934
6387298223 6398302847
6420312094 6440005866
6479393408 6491152772
6514671500 6527328435
6552642303 6562032707
6580813513 6582750450
6586624324 6600725322
6628927316 6636529142
6651732794 6652003584
6652545164 6653951081
6656762915 6658553622
6662135036 6678862743
6712318156 6712884429
6714016973 6718028814
6726052496 6726245687
6726632069 6736763454
6757026222 6767729005
6789134571 6796966445
6812630191 6825241231
6850463309 6861209928
6882703166 6884859295
6889171552 6895359877
6907736527 6915164838
6930021460 6932683615
6938007925 6948418023
6969238219 6970311186
6972457120 6973652990
6976044730 6976056567
6976080239 6978311636
6982774430 6998303613
7029361979 7030714680
7033420080 7035263767
7038951139 7040306952
7043018576 7045857903
7051536555 7052609387
7054755051 7082931879
7139285533 7151121591
7174793706 7177813645
7183853523 7187089814
7193562395 7200333175
7213874733 7219978690
7232186602 7232467820
7233030256 7234365727
7237036667 7247063548
7267117308 7271690467
7280836783 7288107975
7302650359 7320639622
7356618146 7363632181
7377660250 7388662607
7410667321 7424709883
7452795007 7454380900
7457552684 7467831511
7488389165 7489412318
7491458622 7493062320
7496269716 7505081604
7522705379 7529760643
7543871169 7545014525
7547301235 7553626354
7566276590 7570877827
7580080300 7580872261
7582456183 7582658282
7583062479 7584620938
7587737855 7612279252
7661362045 7671465665
7691672905 7693770637
7697966101 7704151317
7716521747 7716560287
7716637367 7725702309
7743832191 7777012898
7843374310 7855736316
7880460326 7882533661
7886680331 7887217658
7888292311 7904877267
7938047179 7953234151
7983608093 7995085613
8018040652 8018148291
8018363569 8022254998
8030037855 8031730123
8035114659 8036497374
8039262802 8043785378
8052830528 8056385273
8063494761 8066513243
8072550207 8084026256
8106978354 8110721318
8118207245 8120834286
8126088367 8144174901
8180347967 8183531020
8189897126 8203655121
8231171111 8241524742
8262232004 8277618550
8308391641 8313445336
8323552725 8324504577
8326408281 8326755910
8327451167 8339602945
8363906501 8366243712
8370918133 8379658844
8397140266 8399066868
8402920071 8417238970
8445876767 8445959917
8446126216 8449100914
8455050309 8455956853
8457769940 8461095937
8467747930 8471779166
8479841637 8481182915
8483865469 8489213327
8499909042 8524609414
8574010158 8581060072
8595159900 8602924327
8618453180 8620704051
8625205793 8627587246
8632350151 8637347675
8647342721 8657236250
8677023307 8678500696
8681455473 8683044658
8686223028 8686317170
8686505453 8686670636
8687001002 8696597850
8715791546 8727350226
8750467585 8754913548
8763805473 8766815051
8772834205 8774080186
8776572147 8777946591
8780695477 8780706696
8780729132 8795009025
8823568809 8827278435
8834697686 8850551432
8882258924 8896456571
8924851864 8925785419
8927652528 8935267340
8950496964 8965355252
8995071828 8997424403
9002129552 9016928986
9046527853 9047070382
9048155439 9049466249
9052087868 9055456315
9062193208 9064844828
9070148068 9080201791
9100309235 9104542187
9113008091 9113124986
9113358775 9134866929
9177883236 9188449845
9209583063 9214770663
9225145861 9239233401
9267408480 9270861323
9277767007 9284140721
9296888148 9298132914
9300622445 9308795602
9325141914 9331103848
9343027715 9347115428
9355290854 9356506259
9358937068 9367177864
9383659454 9387079072
9393918307 9396187919
9400727142 9409538116
9427160062 9427993737
9429661086 9430119741
9431037051 9433454603
9438289706 9438297410
9438312818 9440860452
9445955720 9459437746
9486401797 9486963674
9488087426 9492248179
9500569683 9504498470
9512356043 9523311617
9545222764 9552070012
9565764506 9567789493
9571839466 9573459266
9576698866 9581484831
9591056760 9592559550
9595565129 9599238329
