512
0 625
1874 1942
2077 2239
2561 2712
3012 3627
4856 5410
6518 6720
7123 7866
9352 10209
11921 12717
14307 14547
15026 16225
18622 18650
18706 18751
18839 20072
22537 22682
22971 24788
28421 28931
29951 30074
30320 30539
30976 31017
31097 31775
33129 33360
33821 33910
34088 34104
34135 34718
35884 36671
38245 39717
42660 43261
44461 44471
44489 45049
46168 46931
48455 48601
48892 49053
49375 50061
51432 51952
52990 53036
53126 54233
56445 58119
61465 61977
62999 63833
65499 65501
65503 65779
66329 68098
71634 72415
73976 74500
75548 76120
77264 77374
77592 77747
78057 78071
78099 78851
80354 80405
80506 80695
81071 81452
82212 84167
88077 88933
90645 91350
92759 92871
93093 93839
95329 95564
96033 97503
100443 100712
101250 101795
102885 103032
103326 104145
105783 106285
107289 107587
108181 108789
110003 111104
113305 114418
116642 116855
117280 119733
124638 125100
126024 126518
127504 127553
127651 127990
128666 129029
129753 131647
135434 135484
135583 137335
140837 141207
141945 142753
144367 145864
148856 152456
159656 159691
159760 159941
160302 161020
162454 162544
162724 162912
163286 164451
166781 167825
169911 169950
170026 170787
172307 173284
175238 175698
176617 177401
178969 179205
179676 180272
181464 182809
185498 186120
187364 188007
189291 190206
192036 195433
202226 202401
202749 203134
203904 204097
204481 205259
206814 207057
207542 208095
209200 209867
211200 211204
211211 212220
214236 214809
215953 219957
227964 228965
230965 231307
231990 232142
232446 233248
234852 234911
235028 235227
235624 235664
235743 236119
236871 236988
237220 238180
240100 240161
240283 240449
240779 240958
241316 241930
243158 243569
244389 245189
246789 247520
248980 249117
249390 249589
249987 250906
252744 253005
253527 254990
257914 258831
260665 262538
266284 266474
266854 267615
269136 269439
270044 270176
270440 270673
271138 273825
279199 280225
282275 283125
284824 285696
287439 287996
289110 289163
289268 290618
293318 293426
293640 293660
293698 293916
294352 297326
303272 304290
306324 306691
307425 307725
308324 308468
308756 309295
310372 310704
311366 311804
312680 313228
314323 314502
314859 315134
315684 316617
318482 319754
322296 322861
323990 324014
324061 324574
325599 326331
327794 327873
328029 328363
329030 329068
329143 329248
329456 330428
332370 332706
333376 333788
334610 335006
335796 336140
336827 337448
338688 339759
341899 342329
343187 343605
344439 346419
350378 350484
350696 350769
350915 351278
352003 352420
353252 353256
353263 353292
353348 353776
354630 354770
355050 355793
357278 358306
360361 360692
361352 361356
361364 361421
361533 362805
365348 366286
368161 369148
371120 371334
371761 372170
372987 373568
374728 375172
376060 376400
377078 377561
378526 378674
378969 379069
379269 379412
379696 381666
385604 385997
386782 386970
387346 387692
388383 389152
390688 390859
391199 392121
393963 395279
397909 398269
398988 399010
399053 399638
400808 401824
403855 404901
406993 407626
408891 409348
410261 410969
412384 412390
412400 415081
420442 420622
420982 420999
421032 422161
424417 426004
429178 429442
429969 430304
430972 433308
437978 438190
438614 439096
440060 440741
442102 444713
449934 450206
450749 453065
457695 457721
457773 459757
463723 464784
466904 468754
472453 472641
473015 473296
473858 476190
480853 480970
481203 481380
481734 481756
481799 481956
482269 483457
485832 486154
486798 486908
487127 488106
490064 490312
490808 491092
491658 491874
492305 492508
492913 493876
495802 495915
496140 496318
496674 496992
497627 498685
500799 501960
504280 505717
508591 509193
510396 510520
510767 510995
511451 511456
511466 511513
511607 511684
511837 512092
512602 513290
514665 514744
514900 515351
516252 516722
517660 518034
518780 519215
520083 520282
520679 520973
521560 521578
521614 522505
524287 525595
528211 528554
529238 530545
533158 533746
534921 535841
537681 538618
540491 540961
541899 543629
547088 548022
549889 550041
550344 550877
551943 553753
557373 557379
557389 557802
558627 558918
559500 560355
562065 562180
562410 563393
565358 565914
567025 568007
569969 570339
571079 571690
572910 574861
578762 579113
579813 582269
587180 588072
589854 589983
590239 590560
591200 591803
593008 593211
593615 593877
594401 595956
599064 600388
603035 603801
605331 605623
606207 606618
607440 609836
614628 614673
614763 614781
614816 615380
616508 616948
617826 617892
618024 619239
621668 621718
621817 622234
623066 623772
625182 628384
634788 635767
637725 638286
639407 640032
641280 641281
641282 642580
645174 645218
645304 646265
648186 649857
653197 656174
662126 662538
663360 664147
665721 666737
668768 668770
668772 670284
673307 673595
674170 674979
676595 676865
677404 678477
680622 680625
680630 680673
680758 680781
680827 680841
680869 681639
683177 683359
683721 685778
689892 690874
692838 693283
694172 694798
696050 697366
699998 700339
701019 701784
703314 703647
704312 704478
704808 705083
705631 709225
716413 716998
718166 718962
720552 721425
723169 723320
723620 724945
727595 727739
728026 728208
728572 728914
729597 730215
731450 731645
732035 732573
733648 734999
737699 737774
737922 737933
737954 737965
737985 738182
738576 739474
741269 741914
743203 743233
743291 744193
745996 746453
747366 747821
748731 749573
751257 753333
757483 758303
759943 760899
762809 764074
766604 768493
772269 773614
776302 777413
779634 779670
779741 779857
780087 780099
780122 780626
781632 782201
783337 783620
784184 784494
785112 785115
785119 785651
786715 787682
789616 790229
791455 791515
791634 792105
793047 793850
795454 795679
796127 797881
801388 801533
801823 804987
811313 812271
814186 816739
821844 822612
824146 824698
825801 825813
825835 825997
826320 828103
831668 832830
835154 835377
835821 836193
836936 840061
846310 846423
846648 847362
848788 850140
852842 853351
854369 855218
856914 857180
857710 857902
858286 858417
858678 859270
860452 860683
861143 861620
862574 862835
863356 866182
871834 872085
872585 873260
874608 875195
876369 877649
880209 881056
882748 885307
890425 891035
892254 892833
893989 895482
898466 899173
900586 900601
900629 900753
900999 902490
905470 905690
906128 906180
906283 906361
906517 908221
911628 912009
912769 913181
914004 914657
915963 916611
917907 918118
918540 918866
919516 920886
923626 923779
924085 924578
925563 925596
925662 926458
928049 929393
932081 932167
932339 932978
934254 934794
935873 936225
936927 937166
937643 938278
939548 939743
940131 940411
940969 940972
940976 941947
943889 944181
944765 945636
947378 948062
949428 949440
949462 950548
952718 953171
954076 954530
955437 955709
956252 957478
959930 960627
962020 962407
963179 963692
964717 965837
968075 968484
969301 970294
972278 972938
974256 974866
976086 977488
980291 981546
984055 984563
985579 985710
985971 986076
986286 986469
986834 987656
989300 989352
989456 989986
991044 991131
991304 991428
991675 992847
995191 995523
996186 996798
998020 998422
999224 999315
999495 999592
999785 999804
999842 999895
