514
0 13998631
41995891 42819321
44466181 49860652
60649593 60693993
60782792 68981766
85379714 86069881
87450215 99348954
123146430 124000752
125709394 128724559
134754888 135528869
137076831 137080945
137089171 148595572
171608372 199347602
254826060 257154168
261810383 265845548
273915876 282466016
299566295 300566289
302566277 303235466
304573842 307715182
313997860 315586251
318763031 322852215
331030583 334716875
342089459 345644848
352755626 353491284
354962600 359250195
367825385 375885459
392005607 400741412
418213021 419806866
422994555 423004529
423024476 432001170
449954558 461607384
484913036 496282175
519020453 522117052
528310249 537371011
555492533 555517562
555567620 556093073
557143978 560413478
566952476 568716253
572243806 580625524
597388958 606173390
623742254 633612598
653353286 664352414
686350668 689888408
696963886 707598933
728869025 737955578
756128682 761248865
771489229 784174871
809546155 817568840
833614210 846261291
871555451 875926736
884669304 886823601
891132194 905073516
932956160 936194210
942670308 953734627
975863265 991902206
1023980086 1030053204
1042199439 1042900415
1044302367 1046771616
1051710112 1054196537
1059169387 1059633406
1060561444 1064078128
1071111495 1079385614
1095933852 1100512263
1109669084 1109994429
1110645119 1112305062
1115624948 1132859828
1167329588 1172728709
1183526951 1186560881
1192628741 1196592574
1204520238 1220104826
1251274000 1259938736
1277268207 1281658093
1290437865 1312382329
1356271257 1357398105
1359651799 1359766147
1359994842 1362645444
1367946647 1371291020
1377979764 1384045529
1396177059 1406481624
1427090753 1427495891
1428306166 1432465550
1440784317 1440948367
1441276466 1452858374
1476022189 1476971966
1478871520 1487463024
1504646031 1505235801
1506415341 1509758744
1516445549 1537313468
1579049304 1587739254
1605119152 1612347219
1626803351 1628111557
1630727968 1637614593
1651387841 1682494874
1744708938 1750787838
1762945637 1770480918
1785551480 1786924508
1789670564 1790835418
1793165126 1795590744
1800441978 1808150510
1823567573 1845371882
1888980498 1889820774
1891501325 1897635797
1909904739 1914937612
1925003357 1950623445
2001863620 2003138973
2005689677 2013870164
2030231138 2030523736
2031108931 2034938675
2042598163 2044792510
2049181204 2066252590
2100395362 2100751547
2101463917 2103389004
2107239177 2111270079
2119331882 2144969751
2196245489 2198275918
2202336775 2205260956
2211109317 2214296254
2220670126 2221527624
2223242620 2225082595
2228762544 2239270420
2260286172 2284038511
2331543187 2334590942
2340686452 2343580755
2349369360 2355440368
2367582383 2371630083
2379725483 2381529870
2385138643 2385638210
2386637342 2400751886
2428980972 2432537134
2439649458 2448813989
2467143051 2469535109
2474319225 2494462659
2534749525 2538641674
2546425970 2553043979
2566279997 2567632957
2570338875 2572168186
2575826806 2583757189
2599617954 2603124379
2610137227 2610838456
2612240913 2617914913
2629262911 2640540179
2663094714 2663669497
2664819062 2668119331
2674719868 2678950262
2687411050 2705511738
2741713112 2750114836
2766918283 2778015377
2800209564 2803065483
2808777320 2818146534
2836884962 2840365591
2847326849 2854443429
2868676589 2870917588
2875399584 2878414896
2884445520 2906989030
2952076048 2969684598
3004901698 3010334322
3021199569 3048687713
3103664000 3105489963
3109141888 3111032657
3114814194 3121825810
3135849042 3136113224
3136641586 3137479389
3139154993 3141981090
3147633282 3152457468
3162105838 3162203923
3162400093 3165109051
3170526966 3184006766
3210966366 3227511918
3260603021 3260651135
3260747361 3264706580
3272625016 3274556388
3278419130 3292640727
3321083919 3322081117
3324075512 3324827829
3326332463 3331899661
3343034057 3348402439
3359139201 3361509502
3366250104 3369424286
3375772649 3376172948
3376973545 3386327964
3405036802 3422084917
3456181147 3456272070
3456453915 3460360213
3468172807 3468546570
3469294096 3475751267
3488665607 3488826801
3489149188 3493787592
3503064398 3511296347
3527760244 3533246124
3544217884 3558395455
3586750597 3587356425
3588568081 3590768499
3595169335 3596917118
3600412683 3601426080
3603452874 3606394397
3612277442 3635945587
3683281876 3683873081
3685055491 3708338249
3754903764 3755299459
3756090849 3756837466
3758330698 3759985153
3763294061 3766862257
3773998649 3784120973
3804365619 3810004051
3821280913 3821793813
3822819613 3826682111
3834407107 3847292116
3873062133 3887573290
3916595603 3919264184
3924601345 3924664884
3924791961 3925649237
3927363789 3929716521
3934421983 3938489695
3946625118 3958893903
3983431472 3987247202
3994878661 3999803752
4009653933 4015787498
4028054626 4048647713
4089833885 4095967181
4108233772 4108775803
4109859864 4110233148
4110979716 4111716847
4113191107 4116221856
4122283352 4125117408
4130785518 4131248485
4132174418 4142265619
4162448020 4166402444
4174311291 4176327723
4180360586 4183185905
4188836542 4214989639
4267295832 4271748902
4280655040 4294175566
4321216616 4323626486
4328446226 4335552165
4349764043 4351244023
4354203983 4356147938
4360035847 4368262903
4384717014 4387444993
4392900949 4417663571
4467188815 4481849083
4511169617 4527984309
4561613692 4562348488
4563818079 4566820390
4572825011 4575676352
4581379034 4587546916
4599882680 4601523756
4604805908 4606217586
4609040941 4610741319
4614142074 4616007496
4619738339 4621350972
4624576238 4624810317
4625278474 4629257623
4637215920 4637480602
4638009965 4647456216
4666348716 4669303932
4675214363 4681475878
4693998908 4694862192
4696588759 4698901708
4703527605 4713808221
4734369453 4736043141
4739390517 4743348195
4751263550 4755284248
4763325642 4765146063
4768786904 4773962311
4784313124 4784864140
4785966171 4797502517
4820575209 4827284669
4840703587 4843121459
4847957203 4857232561
4875783275 4880926544
4891213080 4904929273
4932361657 4932683180
4933326224 4940751997
4955603543 4955649425
4955741189 4957318895
4960474305 4963404462
4969264776 4972971721
4980385610 4985816799
4996679177 5000301784
5007546998 5016117490
5033258472 5036739689
5043702122 5044133233
5044995455 5050251856
5060764656 5063674263
5069493476 5069646856
5069953616 5073082775
5079341092 5079472800
5079736215 5085401530
5096732160 5106369476
5125644106 5135934162
5156514274 5156663742
5156962678 5159800615
5165476487 5172622137
5186913437 5193687388
5207235289 5215613537
5232370031 5232978977
5234196869 5235013602
5236647067 5238661113
5242689205 5251221586
5268286348 5269045825
5270564777 5283720374
5310031568 5312058339
5316111881 5317412406
5320013455 5329788503
5349338597 5354559043
5364999934 5370085978
5380258064 5382787435
5387846177 5396986952
5415268501 5417367223
5421564667 5427461299
5439254561 5445184895
5457045563 5458306103
5460827183 5460930441
5461136957 5463757919
5468999841 5475425084
5488275568 5490372888
5494567526 5495663415
5497855192 5499257007
5502060635 5505535226
5512484408 5524700931
5549133977 5550715048
5553877190 5574236118
5614953972 5631643389
5665022221 5670708866
5682082155 5685084562
5691089374 5691437241
5692132975 5701797761
5721127333 5721971934
5723661135 5747039293
5793795609 5808847812
5838952217 5846977644
5863028497 5868040689
5878065073 5878161949
5878355700 5882447957
5890632470 5902738622
5926950925 5936771471
5956412563 5975757861
6014448456 6022841840
6039628606 6045291110
6056616118 6062486451
6074227117 6076729228
6081733448 6083582555
6087280768 6090728167
6097622963 6098868024
6101358145 6109169645
6124792645 6129646602
6139354515 6140856839
6143861485 6151349060
6166324210 6166598128
6167145964 6188250877
6230460702 6234154730
6241542784 6246140556
6255336100 6259204817
6266942250 6269286373
6273974619 6274078973
6274287680 6278492492
6286902115 6287606375
6289014893 6295591223
6308743882 6309865013
6312107275 6314184904
6318340160 6318408548
6318545322 6321488094
6327373636 6327403842
6327464253 6338697850
6361165044 6362296352
6364558967 6368021444
6374946397 6377963748
6383998449 6384690179
6386073637 6386481441
6387297048 6391222041
6399072025 6399981025
6401799023 6407197250
6417993702 6419085589
6421269361 6423497741
6427954501 6433310006
6444021016 6447421985
6454223923 6454416504
6454801665 6454856473
6454966088 6498344894
6585102506 6595309046
6615722124 6631902473
6664263171 6667570849
6674186205 6675818837
6679084101 6680846742
6684372024 6698928644
6728041883 6730042178
6734042767 6736850481
6742465909 6748388956
6760235048 6760366649
6760629850 6760757358
6761012372 6773400167
6798175755 6803470308
6814059412 6818333782
6826882520 6829211300
6833868859 6836118378
6840617416 6841706027
6843883248 6847144620
6853667363 6858001952
6866671128 6887922481
6930425187 6930904248
6931862368 6946562684
6975963315 6987048451
7009218721 7013548850
7022209108 7052521002
7113144790 7114642797
7117638809 7126272624
7143540252 7149781601
7162264298 7176287023
7204332472 7210301923
7222240825 7223424743
7225792579 7229879324
7238052813 7247035718
7265001528 7269131931
7277392737 7277513815
7277755971 7296670216
7334498706 7335306923
7336923356 7338631335
7342047293 7342678710
7343941543 7349209961
7359746797 7368467851
7385909957 7421469788
7492589449 7500228577
7515506832 7525822366
7546453434 7549379500
7555231632 7567923145
7593306170 7604137703
7625800769 7626413521
7627639025 7629284184
7632574500 7652526531
7692430593 7697150668
7706590817 7717701851
7739923919 7755800928
7787554944 7802468251
7832294863 7840590839
7857182791 7859163608
7863125242 7877140663
7905171505 7906096761
7907947272 7911771179
7919418991 7925143448
7936592362 7936633332
7936715271 7941317170
7950520967 7960356580
7980027805 7983837391
7991456562 8000601706
8018891992 8021731655
8027410981 8033202198
8044784631 8055961050
8078313886 8084180574
8095913949 8099406000
8106390102 8111012037
8120255907 8122150293
8125939064 8126759828
8128401356 8134882924
8147846059 8155876518
8171937434 8175844637
8183659043 8183688856
8183748482 8200938166
8235317534 8237064502
8240558437 8246200660
8257485105 8261939828
8270849273 8275577411
8285033687 8286425772
8289209941 8293624065
8302452311 8303203537
8304705989 8307614777
8313432352 8315851574
8320690018 8321352717
8322678114 8332507784
8352167122 8354930861
8360458339 8365802040
8376489441 8385003291
8402030989 8406842471
8416465435 8417098402
8418364335 8423653435
8434231635 8437015797
8442584121 8444850866
8449384356 8467842814
8504759728 8506459970
8509860452 8523384510
8550432624 8550817797
8551588142 8553829778
8558313050 8569030501
8590465403 8595984377
8607022325 8608241122
8610678714 8614124696
8621016658 8631030694
8651058766 8671988486
8713847924 8724310072
8745234367 8764281872
8802376882 8807799878
8818645870 8826308763
8841634547 8852888538
8875396520 8876435883
8878514609 8882131916
8889366528 8890055687
8891434003 8893338114
8897146334 8902734877
8913911961 8919083136
8929425486 8943282271
8970995840 8985002582
9013016065 9015130127
9019358250 9024389630
9034452388 9036124830
9039469714 9040212435
9041697876 9051685027
9071659329 9074630242
9080572067 9084553346
9092515902 9094797756
9099361464 9111196583
9134866820 9135907861
9137989943 9138535456
9139626481 9148968434
9167652340 9175892873
9192373939 9195772408
