446
0 19942
59826 1577393
4612526 6272377
9592079 12997388
19808005 21965486
26280447 31308066
41363303 43601369
48077501 51194985
57429952 61684589
70193863 70954017
72474325 74902542
79758974 89144928
107916836 110995863
117153917 119345301
123728069 124207158
125165334 129209967
137299231 139623221
144271201 152263763
168248885 196836740
254012450 259082418
269222353 271086091
274813567 277236994
282083848 284513059
289371479 292482658
298705014 301832563
308087660 311950291
319675552 320446294
321987777 323788937
327391255 333529781
345806832 349175560
355913014 356869036
358781078 361724597
367611635 387039852
425896286 431790304
443578340 447096740
454133538 457734375
464936049 471216903
483778609 501944115
538275127 543151945
552905579 559588738
572955054 573983727
576041073 582376466
595047250 598152514
604363041 604766797
605574307 606788002
609215392 614047650
623712166 625582375
629322791 629590367
630125518 632270575
636560688 640325470
647855033 649331902
652285638 652488180
652893263 656616556
664063141 665614638
668717632 670560761
674247019 674769668
675814966 679478764
686806360 686914175
687129805 687757637
689013301 693586535
702733001 704366963
707634886 708616230
710578916 710659317
710820119 713317839
718313279 722356479
730442879 731788086
734478498 737116880
742393643 751664737
770206924 770853652
772147107 786080666
813947784 817781710
825449561 827833130
832600268 842841198
863323057 873201398
892958078 897953009
907942869 911334354
918117324 936464496
973158840 974851464
978236712 979278588
981362339 982705684
985392373 989186773
996775573 998873087
1003068113 1006208333
1012488771 1021629845
1039911993 1044267698
1052979107 1056046077
1062180015 1064262164
1068426460 1074729431
1087335372 1104300087
1138229515 1144386053
1156699127 1158388046
1161765882 1172449349
1193816282 1195429751
1198656689 1199691407
1201760843 1204504551
1209991965 1211516479
1214565505 1216081892
1219114664 1219401442
1219974997 1223420269
1230310812 1232756368
1237647479 1243186213
1254263680 1257068723
1262678807 1264408367
1267867487 1268329969
1269254931 1276610142
1291320564 1305522108
1333925195 1338026797
1346230000 1353508044
1368064132 1378351331
1398925727 1402027812
1408231981 1412016678
1419586071 1424956526
1435697434 1436983563
1439555821 1442092335
1447165363 1464777561
1500001955 1503460166
1510376586 1514271868
1522062432 1523097523
1525167703 1528973754
1536585855 1542629718
1554717442 1564687538
1584627729 1603884947
1642399382 1646077056
1653432403 1653736353
1654344251 1664804578
1685725230 1692184244
1705102270 1708173733
1714316657 1715940392
1719187861 1722784710
1729978408 1734245060
1742778362 1746992051
1755419428 1756924601
1759934946 1770948844
1792976639 1803615420
1824892982 1827989206
1834181653 1835864401
1839229896 1844965909
1856437933 1859141096
1864547422 1871055061
1884070337 1890726017
1904037377 1905797787
1909318607 1913873158
1922982258 1949911608
2003770306 2008533234
2018059090 2020774400
2026205018 2027020934
2028652766 2029235847
2030402009 2031912551
2034933634 2035632798
2037031126 2039068478
2043143182 2044220781
2046375979 2047297942
2049141866 2051357553
2055788926 2059631660
2067317127 2070420236
2076626452 2085027932
2101830890 2102887874
2105001840 2117535997
2142604311 2143998028
2146785462 2147521843
2148994604 2152637786
2159924150 2169478466
2188587096 2193806239
2204244525 2210902734
2224219152 2226689162
2231629182 2234055763
2238908925 2242915934
2250929952 2258313987
2273082055 2285321125
2309799264 2330720805
2372563885 2377403458
2387082603 2389297466
2393727192 2395443226
2398875292 2400553989
2403911381 2408911112
2418910573 2424588796
2435945241 2438055584
2442276268 2443999863
2447447053 2452873149
2463725341 2464341011
2465572349 2468743404
2475085512 2476132801
2478227377 2478661030
2479528336 2481251125
2484696703 2485703744
2487717826 2488901563
2491269036 2494145756
2499899194 2511629327
2535089591 2538224549
2544494465 2547344425
2553044343 2567938950
2597728164 2609995787
2634531032 2638842550
2647465586 2649508139
2653593244 2654849703
2657362621 2671482490
2699722226 2706482514
2720003089 2726905488
2740710286 2742181593
2745124206 2753275205
2769577201 2780591563
2802620285 2824431954
2868055290 2875465485
2890285874 2890965592
2892325026 2901329892
2919339624 2927057357
2942492822 2948681275
2961058181 2962995311
2966869570 2967833694
2969761942 2991245857
3034213686 3038127379
3045954763 3048051126
3052243851 3056155492
3063978774 3069410409
3080273679 3086581672
3099197657 3108574940
3127329505 3134715552
3149487645 3153571815
3161740153 3163270875
3166332317 3166950360
3168186446 3173608769
3184453415 3197558336
3223768177 3227425584
3234740396 3236190098
3239089502 3241363886
3245912653 3246574478
3247898128 3249704384
3253316895 3253543809
3253997637 3261117838
3275358239 3277512189
3281820087 3286624965
3296234720 3298723930
3303702348 3304762424
3306882575 3308333675
3311235873 3313721852
3318693808 3331050181
3355762926 3371242964
3402203040 3403469407
3406002141 3420151141
3448449139 3451857829
3458675208 3459881793
3462294963 3465967141
3473311496 3478067101
3487578311 3490231929
3495539163 3502986085
3517879928 3521413829
3528481629 3534150148
3545487186 3550831485
3561520081 3562580395
3564701021 3566267653
3569400917 3571120851
3574560717 3579439875
3589198191 3593803429
3603013905 3606777726
3614305368 3614784690
3615743332 3617024113
3619585675 3629349690
3648877718 3653584528
3662998146 3664815593
3668450485 3669768118
3672403382 3681272221
3699009897 3703319693
3711939285 3714113451
3718461782 3720021440
3723140754 3726022652
3731786447 3735817332
3743879102 3745720643
3749403723 3753323863
3761164142 3766264242
3776464440 3785427441
3803353443 3805579181
3810030655 3828796021
3866326753 3871026616
3880426340 3885567568
3895850023 3909136082
3935708200 3953777100
3989914898 3996140648
4008592147 4010193981
4013397648 4015581636
4019949610 4031336518
4054110333 4061956299
4077648231 4080350727
4085755718 4086402223
4087695231 4090257165
4095381033 4096584083
4098990182 4100072274
4102236458 4102415042
4102772210 4103186868
4104016182 4108692953
4118046495 4119771428
4123221293 4128129714
4137946554 4149322085
4172073145 4176897008
4186544734 4187773884
4190232182 4191405497
4193752127 4193916978
4194246679 4195692391
4198583814 4202604725
4210646547 4216103284
4227016756 4230280151
4236806940 4238870653
4242998079 4243927495
4245786327 4247860998
4252010339 4256504731
4265493513 4271003593
4282023752 4288511496
4301486984 4304431158
4310319506 4311322331
4313327981 4317190765
4324916332 4326389983
4329337285 4330719643
4333484359 4346419361
4372289364 4375427571
4381703983 4383707386
4387714190 4393265626
4404368497 4407502126
4413769384 4418615296
4428307119 4434086029
4445643847 4457887646
4482375243 4485152563
4490707203 4495110558
4503917267 4509391420
4520339725 4526531327
4538914530 4540564843
4543865468 4551049497
4565417555 4569273182
4576984435 4579036902
4583141835 4584181510
4586260859 4586787753
4587841541 4588388435
4589482223 4605614037
4637877665 4642780064
4652584861 4656310081
4663760520 4666545697
4672116050 4682843124
4704297270 4709041386
4718529617 4719310102
4720871071 4728520970
4743820767 4748157643
4756831393 4758045234
4760472915 4763102354
4768361232 4773382286
4783424392 4784546735
4786791421 4794779448
4810755502 4818301322
4833392962 4851353706
4887275193 4893505028
4905964697 4913106641
4927390527 4931857394
4940791126 4946592406
4958194965 4958484480
4959063510 4963401002
4972075985 4972477196
4973279618 4978743769
4989672071 4993062074
4999842080 5000855273
5002881659 5006855958
5014804555 5061428725
5154677064 5160402985
5171854825 5176588508
5186055872 5187242037
5189614367 5194925659
5205548242 5208747657
5215146486 5225337961
5245720910 5250779951
5260898033 5264585563
5271960623 5293297636
5335971661 5348845644
5374593610 5376867268
5381414583 5382865800
5385768232 5387358404
5390538748 5402782923
5427271273 5433220824
5445119924 5447315278
5451705986 5461895954
5482275890 5487572654
5498166180 5503976133
5515596038 5540878267
5591442724 5593001576
5596119279 5606101068
5626064645 5630247938
5638614524 5640157573
5643243671 5644040869
5645635263 5646781053
5649072633 5652693073
5659933951 5662099402
5666430304 5670599906
5678939110 5686523007
5701690799 5712969656
5735527369 5745945818
5766782715 5774414765
5789678863 5792154583
5797106021 5798717003
5801938967 5807098425
5817417339 5819479752
5823604578 5831787520
5848153404 5849937277
5853505022 5860306079
5873908191 5877889537
5885852229 5888415317
5893541492 5896026146
5900995454 5906261765
5916794387 5919213365
5924051320 5925416675
5928147383 5932660597
5941687024 5943956243
5948494680 5951196868
5956601242 5966900431
5987498807 5995272004
6010818396 6012634421
6016266471 6016739131
6017684451 6021013809
6027672525 6042360354
6071736012 6075618856
6083384542 6088747107
6099472235 6109618615
6129911375 6132518938
6137734063 6138854639
6141095790 6142730401
6145999623 6154006095
6170019039 6175820532
6187423517 6189814329
6194595952 6207057293
6231979975 6243533942
6266641874 6269730778
6275908584 6277921232
6281946526 6293081045
6315350081 6318661999
6325285835 6330333749
6340429577 6353130841
6378533368 6380627103
6384814572 6386919548
6391129499 6406389518
6436909554 6440564455
6447874257 6452819955
6462711349 6464993823
6469558771 6470063253
6471072217 6476092252
6486132321 6486969991
6488645329 6490170153
6493219799 6497404102
6505772708 6514485165
6531910078 6535101184
6541483396 6541801850
6542438756 6542590943
6542895316 6544309905
