495
0 187495
562485 2652179
6831567 7599979
9136802 17787171
35087908 39414921
48068945 50919722
56621275 58617903
62611158 64136607
67187504 67944045
69457127 69631338
69979760 71043569
73171187 76202735
82265830 83561225
86152015 91677084
102727222 103472558
104963230 110248207
120818159 124454306
131726599 136512201
146083403 147694623
150917062 152131406
154560093 156619367
160737914 168509890
184053841 184841665
186417312 186527260
186747154 192710393
204636869 208963551
217616913 225225137
240441584 241815268
244562636 252288576
267740454 270819183
276976641 277764150
279339166 279972263
281238455 288320136
302483498 313462058
335419177 336106755
337481910 338846052
341574335 345829173
354338847 361579812
376061742 378595369
383662621 383736367
383883858 384737534
386444884 387724394
390283414 393100284
398734022 400406117
403750306 406700587
412601149 437760607
488079521 488951765
490696252 491381142
492750922 496241675
503223181 506794296
513936524 514246809
514867378 515841773
517790562 521263962
528210762 529135059
530983652 535067540
543235314 548378635
558665277 562761571
570954159 572303011
575000713 581075640
593225492 593446327
593887995 594264211
595016643 600549865
611616309 616844145
627299816 631705767
640517669 643451588
649319424 653299465
661259546 663233390
667181077 670346467
676677246 685614955
703490372 709567808
721722678 721937802
722368048 725111139
730597319 731083349
732055408 759282341
813736206 815469573
818936307 821075188
825352948 827135641
830701027 836378600
847733746 852123520
860903068 861326181
862172405 869237273
883367007 883893851
884947537 886535612
889711760 892594344
898359510 902388630
910446869 916537086
928717518 929759436
931843271 932769291
934621331 938587707
946520457 950498565
958454781 963153612
972551273 994779420
1039235712 1041561247
1046212317 1046743976
1047807294 1049543380
1053015550 1053967532
1055871495 1056691182
1058330556 1059652622
1062296753 1063189244
1064974224 1068079738
1074290766 1084266308
1104217390 1104730864
1105757812 1105774729
1105808561 1106489252
1107850633 1118474314
1139721675 1142062330
1146743638 1146849069
1147059929 1152988157
1164844612 1173843209
1191840402 1192785850
1194676746 1198890070
1207316718 1208069293
1209574443 1220239683
1241570163 1241744384
1242092825 1242630438
1243705663 1244353670
1245649684 1262708908
1296827356 1307962695
1330233372 1333016580
1338582994 1338729433
1339022310 1342400702
1349157486 1351732842
1356883553 1358361398
1361317088 1362326305
1364344737 1368017330
1375362516 1377878722
1382911133 1383261397
1383961924 1392809140
1410503572 1413967729
1420896042 1422209436
1424836224 1427149104
1431774862 1438518987
1452007235 1452229294
1452673411 1453946679
1456493214 1456528133
1456597969 1461424359
1471077139 1473872230
1479462411 1482764173
1489367695 1490384387
1492417769 1507781772
1538509776 1544322748
1555948692 1558683566
1564153313 1572420772
1588955688 1593690016
1603158670 1606635130
1613588050 1617581075
1625567124 1626158983
1627342701 1627383501
1627465101 1629116983
1632420746 1640486258
1656617281 1664261580
1679550176 1681802750
1686307897 1694435988
1710692170 1713758239
1719890376 1721475312
1724645182 1728870591
1737321409 1737580509
1738098707 1740607196
1745624173 1753433632
1769052549 1771571394
1776609084 1776821929
1777247618 1779859383
1785082913 1785635274
1786739996 1787786277
1789878838 1789916832
1789992819 1791347190
1794055930 1794725734
1796065340 1796914357
1798612390 1805923123
1820544588 1825646549
1835850470 1836778226
1838633737 1839469619
1841141381 1843831708
1849212362 1851468277
1855980106 1858621749
1863905034 1867174216
1873712579 1875966368
1880473944 1892494404
1916535324 1918866644
1923529284 1923722821
1924109893 1933096175
1951068737 1952442868
1955191129 1957515011
1962162773 1964589228
1969442136 1969913880
1970857368 1974564002
1981977268 1986158938
1994522278 2001553161
2015614925 2017982893
2022718829 2024529782
2028151686 2028470261
2029107410 2029272325
2029602153 2031547367
2035437794 2051908272
2084849228 2091393464
2104481936 2104761364
2105320218 2106226171
2108038077 2122359175
2151001371 2156707347
2168119298 2169490032
2172231498 2182283524
2202387575 2205040517
2210346400 2211574556
2214030866 2215151815
2217393711 2220646386
2227151735 2227577833
2228430029 2233417918
2243393694 2248248850
2257959162 2261577625
2268814550 2271620809
2277233327 2278655155
2281498811 2284987314
2291964320 2292093197
2292350951 2293589364
2296066190 2299833560
2307368299 2309200342
2312864426 2316955696
2325138234 2325672470
2326740941 2331790881
2341890759 2342027773
2342301801 2342740971
2343619309 2352344809
2369795807 2372022367
2376475487 2385293624
2402929896 2405118977
2409497139 2412501534
2418510322 2418819468
2419437758 2428714078
2447266718 2457619350
2478324613 2478698506
2479446290 2481920242
2486868146 2498348700
2521309808 2522443528
2524710968 2525501273
2527081883 2527683567
2528886933 2535645334
2549162136 2549792349
2551052775 2551302667
2551802449 2552858340
2554970120 2556954970
2560924668 2571026874
2591231285 2594191619
2600112285 2613671406
2640789647 2641760059
2643700883 2644557124
2646269606 2650787324
2659822760 2660335499
2661360977 2662372713
2664396184 2664738746
2665423869 2665756470
2666421671 2667157271
2668628469 2668729097
2668930351 2672844092
2680671574 2690824016
2711128898 2723793147
2749121645 2751292651
2755634663 2755775793
2756058052 2759012155
2764920359 2766260268
2768940084 2773719838
2783279344 2784715426
2787587588 2796216186
2813473380 2814898582
2817748985 2818628811
2820388461 2824090282
2831493923 2832194681
2833596196 2836036209
2840916234 2843906032
2849885628 2855584961
2866983626 2869297832
2873926242 2876630304
2882038427 2887301360
2897827224 2899847428
2903887834 2906205766
2910841630 2912933489
2917117207 2918686666
2921825583 2927685843
2939406361 2943240533
2950908875 2952893145
2956861684 2957771176
2959590160 2960840124
2963340051 2968045239
2977455613 2982027952
2991172629 2994051884
2999810393 3013562524
3041066785 3044838378
3052381562 3053605057
3056052045 3058159694
3062374991 3063028270
3064334828 3069880959
3080973219 3082222208
3084720184 3088673378
3096579766 3101997059
3112831644 3122459011
3141713744 3158862011
3193158544 3193725908
3194860635 3197649699
3203227827 3208199208
3218141968 3218854160
3220278542 3220355419
3220509172 3222013196
3225021243 3228660959
3235940389 3241168288
3251624084 3254558165
3260426327 3265109474
3274475767 3283435920
3301356226 3301429292
3301575424 3302295641
3303736074 3306820553
3312989511 3316040823
3322143447 3332513355
3353253170 3354994636
3358477568 3363456457
3373414235 3379671689
3392186596 3397494955
3408111671 3409661630
3412761548 3415275446
3420303241 3431154412
3452856752 3455309776
3460215823 3483956640
3531438273 3534567239
3540825170 3543064166
3547542157 3547814091
3548357957 3549269793
3551093463 3552132654
3554211035 3560425884
3572855580 3573472817
3574707291 3582225950
3597263266 3606883210
3626123096 3626861529
3628338393 3629158880
3630799852 3631825934
3633878098 3641706012
3657361839 3660590259
3667047099 3678098806
3700202218 3703170062
3709105750 3711079528
3715027084 3717524902
3722520537 3728479759
3740398203 3741213505
3742844107 3743052620
3743469645 3747484153
3755513169 3759382847
3767122202 3779203904
3803367307 3804907528
3807987970 3819989129
3843991447 3845988791
3849983478 3855929940
3867822864 3868201163
3868957759 3869369894
3870194164 3875321824
3885577144 3886588052
3888609867 3891704675
3897894290 3899226166
3901889917 3902386374
3903379286 3904239890
3905961097 3922159437
3954556116 3955137929
3956301554 3960974382
3970320038 3970542319
3970986881 3972735742
3976233463 3984287228
4000394757 4001170434
4002721787 4006877705
4015189539 4019249692
4027369996 4030711587
4037394768 4039262550
4042998112 4046805382
4054419922 4055622097
4058026445 4058232909
4058645836 4058940765
4059530621 4066582069
4080684963 4081174006
4082152092 4084787476
4090058243 4097342007
4111909534 4112163208
4112670554 4114396993
4117849870 4123087596
4133563046 4136961212
4143757542 4146722086
4152651174 4165725138
4191873065 4194287553
4199116529 4200718006
4203920960 4204232888
4204856744 4207339727
4212305692 4218233967
4230090516 4235096839
4245109485 4247395128
4251966413 4253120467
4255428574 4260934303
4271945760 4272381673
4273253499 4278701161
4289596484 4290015959
4290854909 4294032642
4300388108 4303659327
4310201764 4310547756
4311239738 4311297153
4311411981 4312660010
4315156066 4315618550
4316543516 4325508550
4343438617 4347160592
4354604541 4369556049
4399459063 4400828569
4403567580 4409776002
4422192846 4428187106
4440175625 4440320161
4440609232 4440974964
4441706426 4446087466
4454849544 4456849217
4460848561 4460964208
4461195501 4465260563
4473390686 4480863246
4495808364 4496166676
4496883300 4496939705
4497052515 4499924624
4505668842 4507141031
4510085407 4510229828
4510518668 4511825679
4514439701 4514580791
4514862971 4517478895
4522710742 4526334789
4533582882 4535875470
4540460644 4541871055
4544691876 4552181859
4567161824 4567670677
4568688382 4568821536
4569087843 4574443252
4585154070 4589261174
4597475380 4599089041
4602316362 4603425837
4605644786 4607245529
4610447014 4613016111
4618154303 4621961778
4629576726 4635829541
4648335169 4648805792
4649747038 4654367654
4663608884 4668858264
4679357023 4680452281
4682642795 4684196721
4687304573 4693176251
4704919605 4724328592
4763146565 4764402306
4766913786 4767162757
4767660699 4777915498
4798425096 4799205003
4800764816 4804911822
4813205834 4818280043
4828428461 4834429697
4846432169 4857060042
4878315787 4882338313
4890383365 4892420328
4896494252 4900048198
4907156089 4914732796
4929886209 4932193173
4936807099 4938907381
4943107945 4943810518
4945215663 4951563031
4964257766 4965976117
4969412817 4969493912
4969656101 4975125002
4986062804 4996782531
5018221983 5022654668
5031520036 5033961862
5038845514 5039507581
5040831714 5044501454
5051840933 5057595943
5069105962 5070611977
5073624005 5076645405
5082688205 5085059712
5089802724 5091896092
5096082828 5101696752
5112924600 5115145214
5119586442 5131253166
5154586614 5155123121
5156196134 5161696258
5172696504 5185030272
5209697807 5215704918
5227719138 5229465648
5232958668 5236001277
5242086494 5246248312
5254571948 5255197842
5256449628 5264960822
5281983208 5282556056
5283701752 5283851104
5284149807 5289993625
5301681260 5301812491
5302074953 5304289207
5308717713 5309230946
5310257410 5312909211
5318212811 5318894402
5320257584 5322592415
5327262075 5328343347
5330505891 5335811806
5346423635 5347184534
5348706330 5349501691
