391
0 8814252
26442756 34030590
49206257 54540054
65207647 70343025
80613780 87801833
102177938 113652386
136601282 146711499
166931932 193919441
247894458 250984799
257165480 261493401
270149242 284897519
314394071 319788476
330577285 332875800
337472828 339459349
343432390 347444010
355467250 360977801
371998902 379643918
394933948 401212544
413769734 416840091
422980803 428017077
438089623 443763190
455110323 459404783
467993702 477991981
497988539 506506599
523542718 543268633
582720461 590490283
606029927 610168969
618447053 640041608
683230717 688917236
700290274 713739219
740637109 741499914
743225524 751832460
769046330 774132253
784304098 786106932
789712598 796784203
810927411 816892949
828824024 859908533
922077550 926350506
934896416 950355209
981272794 984335765
990461706 991935019
994881644 998289665
1005105707 1009902473
1019496004 1021968004
1026912004 1033567838
1046879506 1051419854
1060500549 1061845652
1064535856 1074263253
1093718047 1100760894
1114846587 1120066131
1130505218 1133907792
1140712939 1146323849
1157545667 1161871919
1170524423 1178839787
1195470515 1200698986
1211155927 1214223961
1220360027 1227625042
1242155072 1244043941
1247821677 1257135059
1275761821 1284872018
1303092410 1314612868
1337653782 1354133583
1387093183 1392923631
1404584525 1406783766
1411182248 1414909630
1422364394 1431246531
1449010804 1454455621
1465345254 1467127005
1470690507 1474352834
1481677488 1492726105
1514823339 1519767640
1529656241 1540423057
1561956689 1569433186
1584386178 1617894297
1684910533 1692687810
1708242363 1710607321
1715337237 1718104789
1723639893 1732321154
1749683676 1762155229
1787098333 1792942670
1804631343 1805429312
1807025249 1807310295
1807880387 1808949073
1811086445 1811452679
1812185146 1813270162
1815440194 1819083943
1826371441 1835121405
1852621333 1860811704
1877192446 1882623706
1893486225 1908443524
1938358121 1953209031
1982910850 1992087626
2010441177 2014902116
2023823993 2026317990
2031305983 2053529382
2097976180 2104470463
2117459027 2120146828
2125522428 2135094746
2154239380 2159833915
2171022985 2180475835
2199381535 2215558471
2247912343 2251536666
2258785310 2259513575
2260970103 2264510453
2271591152 2272193100
2273396994 2279868328
2292810996 2305974122
2332300373 2381459804
2479778666 2485066167
2495641167 2504863628
2523308550 2540674030
2575404988 2578935535
2585996628 2593060809
2607189169 2614326625
2628601535 2631575036
2637522037 2644448959
2658302802 2660811202
2665828002 2670835842
2680851522 2687515603
2700843763 2705873942
2715934300 2724908707
2742857519 2746098444
2752580293 2765841431
2792363706 2800396564
2816462280 2819825613
2826552279 2830149827
2837344922 2852097413
2881602393 2885326250
2892773963 2896428037
2903736185 2906047859
2910671207 2911598858
2913454159 2922160509
2939573207 2944394514
2954037128 2955512662
2958463729 2962333487
2970073002 2973908811
2981580428 2983633838
2987740657 2988964607
2991412506 2994187264
2999736780 3001161421
3004010701 3015722461
3039145979 3039862278
3041294875 3045371108
3053523574 3055864753
3060547110 3071571061
3093618961 3095128260
3098146857 3110261754
3134491548 3141713575
3156157629 3161755369
3172950847 3190608170
3225922814 3233952740
3250012591 3254016850
3262025368 3262924783
3264723611 3270310679
3281484815 3299717631
3336183262 3346241661
3366358458 3368558992
3372960059 3384327611
3407062714 3421012703
3448912679 3449913791
3451916013 3452637871
3454081586 3459776679
3471166864 3485670988
3514679234 3523754520
3541905091 3550539424
3567808090 3572039478
3580502253 3584793885
3593377149 3594263658
3596036675 3599151239
3605380365 3608425104
3614514580 3628039937
3655090649 3657013307
3660858623 3663281872
3668128369 3673831190
3685236831 3694652554
3713484000 3721817024
3738483071 3765591702
3819808962 3823375240
3830507795 3840264235
3859777114 3867330954
3882438632 3894096725
3917412909 3926065480
3943370622 3950190948
3963831598 3964224524
3965010376 3971998985
3985976203 3996531629
4017642481 4021663979
4029706973 4038920362
4057347138 4081492411
4129782957 4140380504
4161575598 4167438869
4179165411 4181823300
4187139078 4188903850
4192433393 4194859877
4199712844 4207117303
4221926219 4228694963
4242232450 4244996317
4250524051 4256885945
4269609732 4272329647
4277769476 4298616868
4340311652 4344775256
4353702463 4373630295
4413485959 4420908881
4435754723 4441104778
4451804887 4458440927
4471713006 4481466019
4500972045 4501514128
4502598292 4507891194
4518476997 4522576407
4530775226 4532762296
4536736434 4538431215
4541820777 4550168064
4566862638 4571912871
4582013337 4589017855
4603026890 4607746602
4617186024 4621783676
4630978980 4632272291
4634858912 4641299212
4654179812 4661047668
4674783380 4678039112
4684550575 4689613130
4699738238 4712208059
4737147701 4742758766
4753980894 4769091631
4799313103 4805774777
4818698125 4821689148
4827671193 4829199619
4832256469 4834947428
4840329345 4843364730
4849435499 4852474832
4858553497 4861778155
4868227471 4873184877
4883099688 4897464486
4926194080 4932359716
4944690988 4947330555
4952609689 4956673956
4964802490 4970115326
4980740996 4987436456
5000827376 5005920729
5016107434 5022338259
5034799907 5045583461
5067150568 5084173706
5118219980 5121723184
5128729590 5139111368
5159874922 5168858978
5186827088 5189668499
5195351321 5197235881
5201005001 5208786203
5224348607 5228023138
5235372198 5237109307
5240583523 5245097134
5254124354 5263975327
5283677273 5290224874
5303320076 5305869572
5310968563 5315615819
5324910330 5332258120
5346953698 5348848610
5352638433 5353673124
5355742504 5364858649
5383090937 5384087084
5386079376 5387401178
5390044781 5392327206
5396892056 5397861425
5399800161 5407948627
5424245557 5427009893
5432538565 5438141915
5449348613 5460456904
5482673484 5484762697
5488941121 5510376268
5553246560 5560588745
5575273113 5580428940
5590740593 5593583529
5599269399 5612361455
5638545565 5648542206
5668535487 5681724259
5708101803 5718796271
5740185205 5744042296
5751756478 5753753782
5757748390 5759247785
5762246575 5765171617
5771021701 5777652645
5790914533 5798269795
5812980319 5816137148
5822450804 5824318149
5828052839 5829068431
5831099615 5837162884
5849289422 5851452263
5855777945 5869152970
5895903020 5905968649
5926099906 5938283511
5962650719 5973383768
5994849866 5999559813
6008979705 6010908493
6014766069 6018591837
6026243373 6031028205
6040597867 6041044203
6041936874 6042397806
6043319668 6047156616
6054830510 6057905157
6064054450 6075545592
6098527876 6105012557
6117981919 6120892297
6126713053 6130619266
6138431692 6143538703
6153752724 6156931430
6163288842 6168047373
6177564435 6184341014
6197894172 6201173777
6207732985 6212650883
6222486677 6230315686
6245973704 6249541681
6256677635 6266248566
6285390426 6302939828
6338038630 6340597366
6345714838 6347780105
6351910638 6352851569
6354733429 6354864347
6355126182 6361086431
6373006927 6375791698
6381361240 6381653798
6382238913 6391247694
6409265255 6416906809
6432189917 6433912395
6437357349 6447009733
6466314499 6467937004
6471182013 6478998060
6494630153 6496468220
6500144352 6501162016
6503197342 6504565966
6507303213 6513430194
6525684154 6532455980
6545999632 6549264989
6555795703 6558812396
6564845781 6566019518
6568366992 6580507373
6604788134 6618717381
6646575875 6663040680
6695970288 6702239463
6714777812 6718483256
6725894144 6726447566
6727554408 6730626660
6736771162 6745777344
6763789706 6767271656
6774235554 6795940763
6839351181 6840541672
6842922652 6846608336
6853979703 6856575516
6861767141 6866571185
6876179273 6882669460
6895649832 6904431911
6921996068 6948956632
7002877759 7015670020
7041254542 7052678169
7075525423 7081731950
7094145003 7095750035
7098960097 7103849409
7113628032 7116673188
7122763500 7133377685
7154606053 7177450323
7223138861 7227019282
7234780122 7241863159
7256029231 7259266097
7265739827 7268594659
7274304321 7283664844
7302385890 7317913208
7348967844 7354143405
7364494527 7371982842
7386959471 7390110996
7396414046 7407181617
7428716757 7429934194
7432369066 7436776610
7445591696 7448716423
7454965876 7459954164
7469930738 7470812424
7472575795 7474174685
7477372465 7507989248
7569222813 7580727124
7603735745 7605965865
7610426103 7611911693
7614882871 7625536442
7646843583 7650445284
7657648685 7662071756
7670917897 7673605447
7678980547 7683540221
7692659569 7694903977
7699392793 7704691165
7715287909 7724462366
7742811280 7750144259
7764810217 7767678479
7773415003 7779728912
7792356728 7799864467
