505
0 1069911
3209733 12951740
32435752 32762648
33416438 35538226
39781800 41777453
45768757 48690193
54533065 58801811
67339302 68421008
70584418 71786092
74189439 74455611
74987954 94852054
134580254 135837123
138350859 145929016
161085328 172758555
196105008 196331089
196783249 201130810
209825930 218757846
236621676 245118353
262111707 269036822
282887051 285530355
290816962 302545512
326002610 331620765
342857074 346005056
352301019 352910092
354128238 355945590
359580294 367849702
384388516 384626454
385102329 395887117
417456691 421056054
428254780 430669387
435498599 436777385
439334956 442412282
448566932 458764619
479159992 481604703
486494124 492183407
503561972 505558525
509551629 511219578
514555475 520903297
533598941 540300140
553702536 559252926
570353704 575990203
587263199 592103870
601785212 602354442
603492901 617280855
644856763 647642050
653212623 664695416
687661001 698643176
720607524 721448366
723130049 723379412
723878136 733204420
751856987 752372880
753404664 755390315
759361616 759867076
760877994 761948742
764090236 764631874
765715149 768912749
775307949 776415122
778629467 790541020
814364125 814967836
816175256 819219634
825308388 826633199
829282819 829860723
831016530 842135045
864372073 867494110
873738182 875211041
878156757 878814737
880130695 881335322
883744574 888296657
897400822 898179336
899736363 906118268
918882078 918905183
918951392 928992487
949074675 949127884
949234301 952906601
960251199 967901954
983203462 984775891
987920748 988210668
988790506 990719919
994578745 999003847
1007854049 1012473551
1021712554 1023065721
1025772055 1026400163
1027656377 1028527930
1030271034 1031336318
1033466886 1033849625
1034615101 1043212138
1060406211 1063135505
1068594093 1074699071
1086909027 1097389968
1118351850 1118612394
1119133482 1123650229
1132683722 1139715966
1153780452 1163006643
1181459025 1191039471
1210200362 1211299312
1213497212 1216452765
1222363870 1224246255
1228011023 1230484290
1235430822 1242897787
1257831715 1258332511
1259334103 1260938662
1264147780 1264375062
1264829624 1266506568
1269860456 1275842430
1287806377 1287835245
1287892980 1288699030
1290311129 1296320846
1308340280 1309984959
1313274317 1317913464
1327191756 1338624038
1361488602 1365110549
1372354442 1380010417
1395322366 1407782490
1432702736 1434824493
1439068006 1441830343
1447355016 1451549886
1459939625 1474472053
1503536909 1515263057
1538715351 1540106380
1542888437 1547551423
1556877393 1565867360
1583847294 1585082814
1587553852 1596764794
1615186676 1617249677
1621375679 1630129758
1647637916 1648896166
1651412664 1654322359
1660141748 1671419324
1693974474 1694865979
1696648987 1697717696
1699855113 1704626984
1714170725 1715764430
1718951840 1721627395
1726978505 1727265681
1727840031 1727848078
1727864170 1731152474
1737729082 1745509233
1761069533 1761541655
1762485899 1771901951
1790734055 1792706047
1796650029 1796820437
1797161252 1800685213
1807733134 1809554493
1813197209 1815435162
1819911066 1821489950
1824647716 1824981476
1825648995 1831727117
1843883361 1847603698
1855044370 1859888168
1869575763 1875017795
1885901858 1886923850
1888967833 1891659310
1897042262 1913013680
1944956516 1950601419
1961891224 1963532661
1966815535 1972899829
1985068416 1987074640
1991087087 1996537727
2007439006 2013387640
2025284907 2032832417
2047927435 2066940170
2104965638 2109120734
2117430925 2137731426
2178332428 2184565186
2197030701 2203897435
2217630903 2218841004
2221261206 2222410793
2224709966 2232346419
2247619325 2247955009
2248626376 2250973360
2255667328 2259490306
2267136262 2271265754
2279524737 2283441740
2291275746 2297965213
2311344147 2320573356
2339031774 2340466319
2343335407 2344991680
2348304224 2357651329
2376345538 2381539920
2391928683 2394028340
2398227653 2404028125
2415629069 2415646479
2415681299 2417563640
2421328320 2421648028
2422287443 2429701555
2444529777 2447360816
2453022893 2453715096
2455099502 2456297030
2458692084 2463323841
2472587353 2473390479
2474996729 2478141353
2484430601 2485730889
2488331465 2489123642
2490707995 2490730114
2490774352 2490809301
2490879198 2492735364
2496447695 2500691463
2509178998 2509502162
2510148489 2518522000
2535269022 2537095770
2540749265 2549642434
2567428771 2568279740
2569981676 2573646678
2580976680 2582515385
2585592794 2587393829
2590995897 2592464487
2595401665 2596821636
2599661578 2600578341
2602411866 2603526188
2605754832 2605812146
2605926773 2606343419
2607176709 2614556224
2629315253 2631644323
2636302462 2637097396
2638687263 2644605366
2656441572 2659269755
2664926121 2666064294
2668340638 2668602595
2669126507 2670714829
2673891473 2674214817
2674861505 2679012347
2687314030 2698531358
2720966013 2722224907
2724742695 2726820673
2730976628 2735173845
2743568279 2744603469
2746673848 2747446625
2748992179 2761134542
2785419266 2799278652
2826997422 2831288061
2839869338 2843080166
2849501822 2864712885
2895135010 2900002090
2909736248 2913400688
2920729568 2921765004
2923835874 2925775824
2929655724 2930323505
2931659065 2932796888
2935072533 2937094495
2941138417 2941383281
2941873007 2946241525
2954978559 2955065187
2955238443 2958175254
2964048876 2966613267
2971742047 2973259782
2976295251 2977182931
2978958289 2985101723
2997388590 2998312105
3000159133 3003672385
3010698889 3012845685
3017139276 3019711272
3024855262 3033376297
3050418367 3053919103
3060920574 3061238345
3061873887 3068169572
3080760941 3084200204
3091078728 3096998078
3108836778 3118444173
3137658961 3143253088
3154441340 3163174625
3180641194 3185784022
3196069678 3198200680
3202462683 3202530860
3202667212 3210876297
3227294466 3245021268
3280474872 3293465653
3319447213 3321558020
3325779632 3330911030
3341173826 3348464340
3363045368 3364246030
3366647354 3366863397
3367295481 3367345406
3367445255 3368453911
3370471221 3372613748
3376898802 3380994647
3389186337 3394205778
3404244658 3407871403
3415124893 3415475417
3416176465 3416379246
3416784807 3418198626
3421026264 3421189909
3421517197 3423218031
3426619698 3428026671
3430840617 3432132467
3434716165 3437060420
3441748928 3441776035
3441830249 3448235719
3461046658 3461567643
3462609612 3478134190
3509183344 3514221227
3524296993 3529598302
3540200918 3545227568
3555280867 3565079383
3584676413 3590606385
3602466327 3609370891
3623180017 3628410009
3638869991 3639397178
3640451550 3643670011
3650106933 3652120046
3656146272 3656216197
3656356045 3662313565
3674228603 3699108897
3748869485 3759755179
3781526565 3783815102
3788392174 3790526229
3794794337 3806017625
3828464201 3830474384
3834494749 3839199287
3848608362 3849369147
3850890715 3852896598
3856908364 3862811483
3874617720 3875184363
3876317647 3878835456
3883871072 3884510440
3885789176 3899006427
3925440927 3928069129
3933325533 3935653117
3940308283 3943206795
3949003817 3950013008
3952031390 3953272073
3955753439 3957001711
3959498255 3962376643
3968133417 3970400748
3974935409 3976542448
3979756526 3979775628
3979813832 3981232525
3984069909 3984333012
3984859216 4000273126
4031100946 4034056941
4039968929 4042293693
4046943219 4049153368
4053573666 4059103555
4070163332 4080515270
4101219144 4101674241
4102584435 4106541236
4114454838 4121066315
4134289267 4136668718
4141427620 4144285877
4150002389 4151911681
4155730264 4160801094
4170942752 4174862810
4182702926 4183593087
4185373408 4197911861
4222988767 4225997796
4232015854 4232120663
4232330280 4235984100
4243291740 4247288622
4255282386 4256104722
4257749394 4267903091
4288210483 4294312570
4306516743 4306810450
4307397862 4311157334
4318676277 4319583134
4321396846 4324337916
4330220055 4330523739
4331131106 4331499803
4332237195 4340041351
4355649663 4355855223
4356266341 4360154335
4367930323 4369584846
4372893892 4378458302
4389587121 4393459648
4401204700 4415459909
4443970325 4446372890
4451178020 4456849663
4468192949 4473296024
4483502172 4485480159
4489436133 4490225488
4491804196 4500210695
4517023693 4518191864
4520528205 4529516996
4547494576 4552853763
4563572135 4573229498
4592544223 4599010683
4611943601 4613498620
4616608656 4618157706
4621255805 4625012088
4632524652 4643921931
4666716487 4666810445
4666998359 4670847497
4678545771 4678910008
4679638480 4683262457
4690510410 4693587573
4699741899 4703758063
4711790391 4713141226
4715842896 4728246521
4753053769 4755246994
4759633443 4759667510
4759735643 4759754467
4759792114 4762927769
4769199077 4772964826
4780496324 4782339002
4786024358 4786179547
4786489925 4787331726
4789015327 4789461240
4790353065 4795953977
4807155799 4807869172
4809295917 4814537507
4825020687 4831322327
4843925606 4846883497
4852799279 4853972053
4856317601 4860011320
4867398756 4868524004
4870774500 4871502939
4872959816 4874361299
4877164265 4878995446
4882657806 4898645187
4930619947 4931793734
4934141306 4935729031
4938904480 4947868773
4965797358 4966172607
4966923103 4967175095
4967679077 4974267535
4987444449 4992710568
5003242805 5003590208
5004285013 5007375533
5013556572 5015411455
5019121220 5023283622
5031608424 5043987227
5068744832 5068929439
5069298651 5070818775
5073859023 5079394560
5090465634 5090482029
5090514819 5095512005
5105506375 5105927422
5106769516 5122065692
5152658042 5156313166
5163623414 5163820706
5164215290 5165386245
5167728153 5176225991
5193221666 5194468752
5196962923 5202824252
5214546908 5221153157
5234365653 5239187376
5248830820 5249126811
5249718791 5250156152
5251030873 5277238869
5329654859 5337366550
5352789930 5353086958
5353681013 5356249475
5361386397 5361969720
5363136365 5366420331
5372988262 5379596081
5392811718 5399197605
5411969379 5413876316
5417690190 5419498573
5423115337 5424348451
5426814679 5438047346
5460512678 5466234625
5477678519 5479743670
5483873970 5485582953
5489000917 5499802054
5521404328 5526799266
5537589142 5540319461
5545780098 5556549874
5578089426 5582648393
5591766326 5592560207
5594147967 5602626242
5619582791 5621971131
5626747811 5631106975
5639825303 5640387048
5641510538 5651928189
5672763491 5675324470
5680446427 5689907983
5708831095 5708971391
5709251983 5711450618
5715847888 5718651412
5724258460 5726112875
5729821703 5742823459
5768826970 5769812207
5771782680 5771947883
5772278288 5774234878
5778148057 5779185081
5781259129 5781553046
5782140878 5786372892
5794836920 5798015911
5804373892 5809673786
5820273574 5826410171
5838683364 5839239526
5840351848 5840939569
5842115009 5843732993
5846968959 5849157328
5853534066 5859231773
5870627186 5874138342
5881160652 5885961779
5895564032 5909990833
5938844434 5945834077
5959813363 5962893645
5969054207 5971815273
5977337404 5977891103
5978998500 5986595757
6001790271 6002325279
6003395294 6007923762
6016980698 6017159873
6017518223 6017973920
6018885314 6028572253
6047946130 6050707700
6056230840 6056510599
6057070115 6059525332
6064435765 6064840072
6065648686 6067202088
6070308892 6075622140
6086248635 6089221601
6095167531 6097294909
6101549665 6104758337
