91 198
46 36 75 94 74 52 20 93 1 9 9 15 40 31 96 17 20 27 99 10 10 22 9 8 41 10 82 13 5 30 60 81 82 22 15 69 54 33 29 77 75 24 68 42 87 5 88 63 1 43 54 99 50 43 9 38 56 87 17 91 41 93 72 44 58 90 29 42 22 62 44 36 83 67 29 17 31 5 34 15 28 39 86 76 30 81 17 20 48 29 15 76 33 67 33 87 59 5 54 76 25 38 8 81 65 49 96 54 70 52 91 74 22 26 48 33 46 36 60 31 62 54 59 36 45 1 34 53 52 80 91 81 56 52 39 84 22 10 57 26 55 58 35 60 79 99 56 31 44 12 46 14 41 73 72 5 42 16 64 57 11 80 20 88 97 56 22 13 28 35 5 61 89 45 15 36 10 38 52 43 33 22 89 45 12 12 63 67 4 56 31 64 59 27 7 29 20 21
0 57 47 55 35 21 21 3 92 88 76 37 60 15 54 98 5 61 76 30 92 49 77 18 39 9 99 96 100 13 89 90 63 67 96 19 95 69 0 45 0 51 32 80 32 16 44 75 6 33 52 59 19 21 48 40 12 71 78 91 38 29 93 67 79 72 79 18 73 62 74 84 18 39 43 6 54 0 42 69 91 54 88 36 48 92 89 93 92 99 30 99 81 9 78 54 20 16 33 74 10 16 10 4 15 1 98 50 76 70 21 83 77 93 1 92 80 22 25 77 20 12 34 83 13 69 48 93 24 13 52 75 99 91 3 57 25 39 25 5 46 60 40 97 15 0 73 48 72 24 86 92 78 0 23 64 67 47 36 73 71 41 14 27 69 100 56 75 53 41 63 16 67 17 61 53 39 14 93 85 50 55 39 86 2 18 9 29 98 48 36 4 47 36 31 95 50 26
77 44 47 48 88 69 79 68 63 15 36 4 76 73 76 48 33 34 97 5 0 30 89 39 6 46 43 67 89 15 41 0 40 39 33 29 41 9 76 8 75 95 38 60 42 76 56 90 76 43 37 88 76 71 17 59 5 33 55 50 82 17 52 88 47 95 10 10 70 98 70 11 50 33 95 77 1 79 3 30 5 72 50 24 54 67 84 22 39 37 75 59 15 62 100 37 69 11 17 25 31 73 100 3 17 29 78 7 14 4 17 44 81 65 99 57 89 75 36 87 63 35 73 33 1 95 5 18 88 49 92 82 92 71 19 92 53 80 19 64 58 99 98 42 19 1 6 92 12 73 16 31 37 83 64 6 82 8 38 40 3 57 7 94 15 97 96 0 0 97 93 5 36 30 93 97 33 44 38 47 91 6 99 13 14 16 36 25 76 36 67 81 15 41 43 82 94 92
26 12 85 97 26 30 27 28 18 80 14 52 88 86 45 12 50 84 19 71 32 71 22 30 77 91 92 44 25 43 6 68 10 38 68 88 11 23 17 75 27 99 62 9 67 28 27 80 98 73 12 24 4 72 59 95 8 82 86 50 11 97 8 92 81 13 18 73 18 98 6 13 17 69 36 86 92 6 51 33 66 31 94 70 23 35 64 60 58 65 58 21 58 84 14 33 79 2 87 94 95 25 66 86 42 3 93 71 90 31 74 64 22 73 41 21 7 45 9 78 22 66 71 57 80 17 52 5 52 34 36 85 52 82 69 55 8 35 48 7 15 18 37 21 19 24 44 75 11 4 87 14 100 79 87 36 92 13 77 45 85 100 60 90 99 100 59 15 25 46 93 44 55 63 0 68 32 15 24 4 6 75 42 32 82 92 0 88 38 30 6 69 45 66 7 63 3 68
76 0 100 69 75 57 50 68 90 64 59 79 81 68 29 100 48 46 15 78 70 91 80 67 4 21 57 65 51 50 49 61 14 23 47 13 17 80 89 65 0 1 19 23 46 72 38 76 26 52 75 91 73 23 91 22 16 22 94 72 100 47 63 26 94 29 100 93 67 66 21 79 43 16 13 100 68 25 86 4 57 97 43 3 81 100 39 30 93 40 92 89 63 80 91 34 52 74 69 88 21 28 23 53 51 22 96 78 96 56 94 24 17 94 15 25 28 79 2 27 51 16 68 57 61 54 78 68 77 81 49 25 1 20 77 98 41 87 28 3 25 47 99 28 68 80 41 10 83 28 18 84 1 88 47 97 95 84 77 16 91 29 50 70 86 85 4 12 89 70 100 56 9 47 54 16 74 41 13 70 51 45 89 100 26 74 73 23 13 62 55 75 56 11 52 96 27 100
6 87 91 85 6 48 24 55 72 74 94 13 34 93 37 98 44 18 42 64 16 44 100 43 28 43 35 76 30 95 29 75 75 21 69 89 16 56 24 8 92 53 60 94 88 19 6 40 69 23 99 73 39 49 48 42 91 100 42 47 54 74 42 4 26 57 96 70 30 2 75 46 26 93 18 24 36 84 2 65 76 3 45 95 25 4 20 59 54 1 55 97 15 55 37 35 16 13 43 59 92 6 25 34 99 76 81 64 59 93 15 71 61 11 53 52 10 77 86 43 8 16 43 79 25 36 84 88 80 7 18 87 49 51 84 44 58 58 33 43 88 78 6 52 41 73 2 63 42 83 87 35 97 36 17 62 47 16 65 49 37 28 53 96 3 58 93 35 15 96 69 3 39 98 23 13 7 30 33 30 57 71 0 70 7 17 34 88 21 61 47 28 45 14 19 83 49 5
68 15 47 43 75 63 88 42 12 63 21 73 41 26 100 56 42 67 14 19 24 23 80 67 53 66 61 24 14 8 29 43 87 61 18 20 46 53 85 34 20 57 89 21 55 43 61 47 35 47 84 47 7 57 15 51 47 57 83 98 68 54 67 94 50 85 72 2 0 86 71 7 20 54 43 78 74 96 97 88 15 31 99 31 68 95 21 58 46 59 27 30 41 20 51 1 96 40 17 84 3 3 84 13 53 53 35 9 29 6 64 88 37 12 25 53 1 91 81 77 7 14 2 29 10 92 4 91 99 77 46 10 34 49 40 23 2 31 8 68 64 27 32 40 73 11 56 19 31 31 34 94 7 46 33 48 10 71 24 0 49 18 21 55 14 67 53 34 36 72 2 9 89 82 72 90 31 79 49 47 26 74 69 73 35 92 70 66 4 62 93 70 16 67 99 33 31 12
33 17 34 91 21 74 2 81 0 58 71 41 81 65 5 42 78 9 32 76 33 8 76 98 32 74 82 13 15 100 15 23 88 96 68 39 99 55 90 65 85 46 77 11 62 87 39 55 40 73 58 32 95 49 89 63 22 92 87 8 11 12 4 80 58 88 81 82 37 80 74 37 23 14 95 24 18 5 71 50 49 63 10 50 26 8 48 93 77 26 83 83 11 97 33 74 61 82 44 53 78 92 62 49 88 63 44 51 17 52 22 66 3 21 75 52 93 34 8 89 71 75 57 50 66 55 47 39 53 56 58 13 99 67 40 3 89 89 2 4 88 13 18 40 82 57 4 14 18 100 89 34 88 49 29 34 92 46 62 82 44 39 58 9 68 3 39 16 20 93 66 94 36 15 44 64 12 23 86 2 86 88 78 77 58 84 32 63 36 62 86 97 37 99 62 34 96 43
76 62 46 7 2 53 63 60 83 92 39 59 66 100 74 36 41 78 34 93 85 68 74 57 20 82 8 61 66 52 85 77 23 67 66 82 6 60 29 88 53 65 58 17 98 3 93 31 10 3 48 94 61 18 47 19 23 22 68 16 63 46 22 54 74 75 19 92 65 30 42 94 92 82 69 39 28 27 55 48 99 79 2 47 52 11 6 83 48 86 9 86 92 57 90 65 83 28 62 0 70 36 8 98 80 51 43 16 72 26 54 53 83 21 95 52 53 6 11 8 57 18 0 67 18 15 94 62 8 80 82 38 100 21 16 0 32 3 31 83 79 80 49 93 33 8 61 26 47 55 30 26 82 90 8 23 91 85 29 73 6 78 68 56 91 4 55 9 8 97 59 44 40 84 2 70 44 100 29 83 82 2 28 84 39 64 29 76 56 78 36 28 59 69 91 45 47 41
48 83 61 69 77 25 93 49 13 38 14 53 57 6 19 87 69 87 18 42 39 28 22 43 99 7 91 94 32 23 41 9 19 58 62 48 23 94 41 92 80 69 21 72 85 90 48 8 0 16 45 16 88 69 30 44 98 99 61 0 70 85 46 91 51 56 76 93 86 8 57 45 90 15 36 40 57 12 9 85 21 62 82 93 77 49 47 30 84 69 91 30 11 55 27 20 46 80 90 14 70 28 4 24 80 99 14 42 10 78 19 83 34 50 48 96 1 72 33 11 58 32 81 78 17 7 49 23 23 83 92 69 53 8 33 5 84 87 52 85 31 29 11 18 89 60 1 92 72 15 68 11 55 74 91 94 29 69 8 7 97 95 66 47 69 1 24 46 10 71 31 65 74 32 38 48 7 1 86 3 55 35 11 48 24 66 42 36 90 13 67 77 99 89 60 14 48 53
17 25 19 30 22 68 54 58 68 23 67 18 85 13 41 22 49 63 97 82 14 88 97 81 98 21 79 8 40 88 26 94 92 94 43 83 15 13 30 13 1 58 24 72 54 11 44 42 23 16 75 23 95 90 5 56 2 89 59 10 98 39 75 19 42 99 37 9 38 67 5 89 3 34 73 56 64 48 65 26 30 40 84 1 29 88 15 29 69 26 29 2 70 2 50 9 77 62 44 22 8 99 4 47 7 67 95 87 55 50 5 15 11 83 2 68 60 13 32 68 99 92 28 74 91 99 58 83 22 9 20 33 78 83 83 93 69 13 48 69 19 23 81 18 18 32 27 52 28 3 67 4 74 14 55 37 63 47 24 46 76 47 99 24 92 2 97 85 45 68 47 60 54 55 38 6 7 55 29 61 98 30 52 72 58 89 79 88 36 5 57 91 58 4 71 37 22 50
82 92 55 69 68 14 26 64 70 42 49 80 37 1 83 32 4 75 75 61 86 83 44 72 77 77 28 59 82 70 18 17 66 42 5 74 63 28 89 13 30 44 59 31 3 7 59 76 1 86 56 46 85 50 3 17 81 44 14 35 47 44 48 82 7 5 75 19 43 75 100 52 53 91 6 60 53 90 11 37 89 89 74 69 45 84 19 33 60 94 67 17 19 25 59 8 67 5 19 27 41 98 20 31 25 53 67 95 26 3 14 79 72 18 58 76 54 99 62 66 80 23 96 92 40 95 36 67 23 25 90 10 87 72 11 30 95 62 94 12 65 34 87 5 73 62 74 75 48 3 40 90 79 17 57 65 55 18 32 56 74 83 51 91 38 74 63 91 45 18 8 60 12 37 39 45 48 29 23 15 78 3 55 24 26 89 88 93 58 12 83 21 98 11 17 75 73 26
3 47 91 95 80 45 91 4 83 8 45 98 80 74 9 31 87 15 42 97 65 34 16 9 37 78 55 29 48 16 14 39 55 45 95 82 74 51 60 85 10 63 73 24 25 99 56 41 70 24 15 68 99 98 66 34 93 92 32 51 60 30 31 13 41 37 56 9 38 30 63 53 56 42 74 23 9 97 31 33 36 54 50 0 21 13 86 57 37 48 39 36 90 56 89 75 79 73 31 58 86 2 94 99 37 73 12 91 46 19 73 89 44 64 32 63 97 26 74 96 36 21 69 16 24 97 100 57 57 43 38 65 96 8 69 81 31 48 77 86 34 12 38 18 90 19 17 73 8 95 61 33 78 67 65 71 31 5 62 9 83 82 99 87 88 81 28 23 92 47 100 48 48 9 83 14 88 82 39 91 80 60 22 70 46 79 67 78 2 44 6 30 11 22 55 72 77 46
5 37 67 87 45 78 19 72 79 58 79 70 73 30 34 71 34 26 9 7 33 72 77 42 21 71 83 53 88 39 7 63 71 96 59 17 72 5 36 57 5 42 69 2 56 56 37 99 75 88 42 95 68 96 35 31 54 40 36 64 83 50 91 41 52 86 39 90 66 94 52 49 56 98 86 0 40 9 8 22 61 45 90 66 53 73 25 63 20 4 12 96 66 48 33 51 90 61 73 17 74 96 5 76 37 37 31 36 22 19 13 93 80 81 36 36 93 68 51 40 20 41 80 64 16 45 15 50 92 69 8 72 14 16 69 91 35 86 67 32 16 99 50 84 22 73 4 7 56 21 48 45 63 24 92 64 13 35 29 79 70 54 76 83 48 30 93 59 43 62 33 18 49 26 10 8 36 43 75 95 62 55 85 24 58 47 100 4 82 45 70 98 19 52 43 22 48 91
0 88 89 82 93 25 4 46 55 12 30 11 90 14 63 77 6 23 73 24 42 96 54 27 22 88 59 71 0 56 83 3 87 23 85 90 50 88 67 2 17 68 54 86 76 40 84 20 57 27 20 60 31 23 71 24 93 75 40 9 78 74 63 100 49 84 43 80 61 16 7 21 68 84 31 54 51 13 98 16 72 48 56 72 31 76 12 56 85 14 74 13 83 4 2 39 62 2 4 51 95 75 56 28 3 95 1 62 31 51 60 66 37 61 93 70 61 90 4 67 96 31 1 65 66 71 6 42 14 99 53 4 93 81 97 97 3 61 59 80 12 20 97 75 91 32 50 0 27 42 22 88 12 59 1 68 98 2 0 83 9 54 48 99 37 69 9 15 26 68 85 71 68 86 83 83 74 44 95 32 22 57 21 11 49 22 89 97 41 47 52 54 2 6 56 5 25 96
49 69 61 17 70 44 18 82 87 66 4 65 11 12 23 63 1 28 52 89 31 36 44 24 88 74 17 24 67 2 29 86 14 8 14 46 46 75 8 0 25 94 10 52 37 32 85 13 69 60 13 55 62 45 27 81 20 0 23 28 36 61 84 70 0 86 47 51 46 15 97 15 15 44 78 35 38 68 4 91 88 49 81 73 36 84 88 19 15 10 85 55 91 37 25 42 74 32 27 3 26 18 17 91 15 13 48 67 83 99 35 89 97 85 48 52 100 0 99 81 28 99 19 49 26 52 13 58 69 35 55 98 27 88 15 59 52 36 81 89 43 64 14 1 95 26 21 38 41 70 14 85 79 18 90 78 64 5 18 89 92 78 75 87 4 98 1 50 45 67 43 88 58 67 97 68 69 40 58 11 74 73 99 52 83 88 15 42 74 30 25 60 10 60 33 27 53 75
58 93 43 84 37 71 53 10 29 47 43 25 4 93 75 77 35 40 13 61 44 23 27 28 38 32 67 33 2 87 5 87 66 83 47 90 41 96 84 34 41 20 62 65 1 71 31 98 19 96 47 81 37 55 15 62 47 92 78 3 90 24 70 70 77 46 34 43 11 46 33 90 45 40 21 96 33 65 52 98 83 46 25 62 56 37 97 57 56 75 45 22 25 16 51 23 49 9 52 49 49 68 83 95 47 33 50 90 27 93 88 19 0 77 21 24 38 90 31 12 74 11 55 99 84 54 9 60 26 91 59 90 10 81 56 16 25 93 94 47 98 34 93 75 16 47 66 97 50 29 20 55 3 89 17 35 36 46 86 50 76 45 44 51 16 85 1 34 99 85 39 18 91 34 18 66 88 93 88 32 37 57 52 69 74 77 4 52 15 19 10 33 86 43 4 63 12 80
100 61 83 50 43 86 51 39 70 94 33 92 98 6 70 0 59 82 92 35 16 77 10 50 50 65 6 24 36 44 23 19 89 76 53 44 10 36 76 53 33 67 4 21 85 79 98 69 92 52 15 61 62 96 52 22 29 86 86 17 65 100 95 51 69 93 5 23 49 64 61 49 16 54 4 2 4 69 50 45 4 51 70 14 14 45 44 24 51 87 68 58 53 90 77 11 39 65 92 100 61 64 22 12 18 18 19 0 46 22 54 34 71 87 41 52 77 25 37 83 18 43 75 72 36 58 48 43 93 5 83 23 0 29 82 42 61 47 70 61 72 72 68 90 22 86 28 92 65 7 72 37 42 91 49 94 5 32 0 34 33 49 35 77 36 90 36 44 58 96 37 32 34 15 12 83 11 40 77 7 45 33 51 73 95 45 66 20 53 37 49 22 15 54 41 96 18 81
85 0 58 28 88 47 81 70 76 49 9 90 29 96 68 97 1 28 49 8 91 72 97 75 36 29 47 38 50 76 55 41 32 14 91 15 40 82 69 50 4 83 14 54 31 85 31 46 5 47 20 2 59 65 22 93 25 11 89 4 50 58 15 40 14 43 95 15 5 93 76 97 94 14 61 7 29 70 70 0 43 18 85 27 85 97 39 68 33 39 71 52 71 83 20 28 53 97 43 47 12 9 89 93 34 19 22 69 8 51 5 11 30 65 81 3 58 36 81 22 63 56 18 1 19 95 23 38 2 91 72 42 100 44 7 92 68 56 14 70 61 57 59 18 84 84 84 67 33 41 100 10 23 65 93 22 4 56 88 88 74 27 55 40 10 85 31 39 42 77 6 53 6 16 41 40 72 48 25 87 74 82 62 48 95 49 69 19 25 56 29 5 38 72 9 100 48 92
70 63 57 8 89 42 84 20 23 28 96 8 30 49 40 47 17 3 94 57 38 68 5 3 91 13 19 8 69 51 44 46 89 90 69 87 11 26 37 14 46 7 33 53 60 89 68 79 6 18 78 65 83 10 47 10 35 93 82 84 25 61 66 82 11 11 24 64 14 44 80 39 0 84 84 65 31 4 98 97 50 73 0 33 45 83 72 47 20 23 0 55 82 55 69 51 72 37 93 72 88 20 21 70 49 30 47 42 71 24 25 89 32 52 36 49 15 77 69 25 97 52 87 82 34 21 69 45 47 6 29 38 3 100 66 3 98 6 8 75 78 26 74 27 16 61 68 2 80 3 39 5 33 100 24 94 76 53 33 27 77 64 90 7 96 9 42 13 30 3 71 64 42 64 78 4 11 45 81 0 12 20 76 86 12 79 52 53 15 25 19 79 23 28 7 11 75 83
27 94 100 61 58 78 80 81 83 90 90 72 41 51 18 5 77 17 58 87 79 74 62 4 58 18 3 0 63 55 25 64 57 94 39 55 9 44 34 64 3 78 52 91 94 1 81 73 38 92 97 98 8 92 86 14 85 76 78 96 93 20 11 51 72 43 19 9 5 98 78 100 97 88 34 36 21 43 79 15 49 0 19 19 13 86 49 53 18 82 70 11 59 82 2 58 64 22 85 14 27 77 18 51 18 87 52 14 64 11 57 92 51 97 20 12 18 31 78 57 72 69 15 75 19 51 55 1 9 27 14 71 96 59 17 62 21 98 0 71 49 85 64 96 73 24 20 26 19 79 15 51 32 6 31 36 24 10 19 83 28 81 69 0 88 79 23 21 45 36 24 59 92 8 80 42 69 42 35 52 43 89 65 75 19 93 92 41 97 60 52 93 98 61 70 38 87 84
45 58 33 54 91 59 37 92 77 27 13 86 93 15 86 91 80 91 70 48 89 88 39 79 69 83 19 3 87 59 66 44 12 89 92 42 45 76 44 34 32 3 72 36 32 4 15 22 23 82 30 33 62 33 15 80 8 29 64 13 48 96 14 97 64 85 33 29 27 80 20 46 95 92 15 51 75 91 74 3 98 30 94 53 22 40 59 92 86 14 13 2 86 66 60 59 70 65 79 66 61 18 87 56 25 83 40 84 28 26 89 77 61 19 82 37 7 33 18 10 68 46 10 44 51 85 50 59 29 54 86 57 61 94 10 8 4 17 67 3 3 57 89 9 47 49 74 23 11 9 41 15 77 68 93 3 13 73 35 48 96 7 67 40 56 17 32 74 48 5 12 31 7 38 21 35 27 50 74 53 25 15 40 97 58 42 85 5 3 12 98 49 54 97 30 66 25 92
72 13 54 29 11 0 27 45 26 78 81 17 20 1 31 79 34 14 96 32 50 50 42 40 4 84 0 35 38 98 86 66 52 88 79 56 90 6 46 39 86 4 41 10 34 16 53 75 71 70 51 30 81 17 44 66 13 52 17 22 99 35 26 29 1 61 2 99 89 74 5 27 34 0 26 7 87 46 82 99 78 63 15 57 78 32 23 11 60 34 22 95 21 55 54 67 97 30 11 79 91 35 10 59 74 68 81 9 79 96 5 33 37 14 15 81 30 98 17 63 48 34 54 55 93 76 15 76 92 16 23 10 94 94 18 18 19 89 80 29 88 54 35 12 0 45 16 37 89 85 21 51 100 34 37 66 35 15 47 46 78 74 6 63 40 29 38 45 50 29 17 81 78 50 34 81 15 61 63 48 19 28 51 75 91 72 45 64 33 22 55 58 7 78 35 9 44 88
41 94 46 67 91 40 16 75 44 20 47 60 21 42 100 21 35 71 38 37 21 82 8 63 97 38 87 20 76 23 41 32 58 9 37 12 48 81 50 27 83 96 29 14 22 99 2 53 77 96 94 100 9 69 13 15 82 79 42 15 84 12 38 82 54 13 68 20 52 17 19 12 78 58 54 46 19 27 16 51 56 69 94 17 80 19 42 55 54 71 82 93 92 66 35 97 38 74 76 28 85 33 53 31 48 10 77 14 95 4 42 98 78 85 55 54 68 3 49 4 44 76 36 33 1 11 38 47 91 93 84 66 46 96 42 71 83 99 4 87 80 41 88 69 100 44 48 39 26 58 0 67 71 65 60 45 9 64 24 97 38 31 5 76 17 1 35 38 51 86 24 98 38 38 40 26 50 82 63 42 17 11 70 65 96 29 39 23 55 31 4 33 36 94 65 57 26 90
33 72 62 84 35 91 43 9 37 32 49 48 37 29 51 38 60 51 56 10 19 14 100 9 27 64 60 4 58 75 96 54 9 4 50 80 10 50 88 54 10 17 52 99 57 12 94 22 61 79 51 8 69 19 85 71 36 90 27 37 34 34 86 60 58 61 82 91 23 29 41 79 99 48 47 3 78 12 70 58 1 77 55 50 87 60 55 64 5 43 0 93 21 23 87 90 6 97 57 81 91 93 93 23 82 55 51 18 18 5 62 23 15 57 14 86 67 77 44 97 35 24 25 96 57 66 29 88 100 33 43 91 57 42 20 20 48 79 56 48 84 12 56 82 39 89 81 42 76 54 87 45 46 99 50 4 85 19 98 98 78 10 15 15 34 85 7 42 83 5 67 51 8 86 75 31 30 46 54 94 33 32 54 82 9 83 5 31 12 34 65 69 90 91 100 15 10 15
54 100 15 19 48 18 38 68 22 76 87 97 79 39 3 90 63 12 31 100 32 17 98 45 22 32 12 16 5 69 69 8 95 10 30 93 84 60 15 77 61 66 25 34 99 21 65 44 69 91 62 68 17 45 71 62 58 70 64 45 30 1 59 54 46 28 71 70 55 92 35 45 51 45 70 26 47 60 70 41 85 59 81 78 44 32 64 13 60 82 78 75 74 27 44 55 25 52 38 60 88 62 38 69 95 44 13 53 94 35 62 34 66 33 84 62 37 36 64 38 18 65 74 69 96 49 20 29 8 8 69 22 75 6 66 69 6 95 77 0 7 68 38 86 94 98 42 38 52 36 7 82 81 35 99 12 88 82 14 15 37 76 64 28 29 79 4 16 22 69 6 18 78 58 49 91 64 28 43 50 22 76 88 11 93 0 94 100 7 95 59 14 59 51 70 42 11 84
60 48 66 18 27 41 47 7 26 15 52 28 38 23 44 3 24 25 8 74 57 70 54 95 40 3 50 62 3 51 95 49 24 91 31 94 96 24 10 83 99 39 14 36 8 64 39 80 13 100 35 26 17 67 91 48 75 69 30 14 52 44 33 15 61 51 9 69 73 91 70 47 92 90 35 42 5 87 54 7 35 72 8 37 11 89 99 38 83 31 86 48 52 68 74 82 92 7 52 40 74 65 65 0 8 92 45 11 87 31 21 6 69 26 90 6 40 61 79 26 34 26 28 94 27 26 57 66 91 61 44 88 74 54 36 80 12 26 83 43 26 5 15 98 62 31 23 78 21 58 44 72 44 85 92 29 81 13 73 45 91 13 5 70 66 17 45 62 9 52 72 16 43 98 17 38 16 27 55 44 58 6 33 44 39 66 91 63 8 38 49 92 67 52 57 3 35 56
77 89 6 43 60 80 97 7 78 23 42 3 50 91 47 2 82 53 53 24 4 67 2 21 25 1 14 58 53 9 63 32 54 53 15 7 32 44 88 61 7 96 62 2 9 13 32 20 94 11 64 65 66 81 36 65 17 31 53 20 54 77 72 88 28 84 92 68 70 70 91 17 43 56 83 67 52 34 8 78 44 33 94 9 34 19 64 56 76 73 87 99 28 1 91 41 25 3 96 3 73 51 10 71 7 24 30 60 12 48 30 37 80 9 64 19 94 84 84 10 75 69 39 58 47 75 28 83 78 43 66 12 81 73 17 57 9 76 24 11 38 13 18 100 70 82 46 54 97 96 47 10 61 40 19 72 18 60 76 73 84 24 34 63 2 22 83 62 63 4 7 10 10 41 73 34 68 65 63 57 4 61 47 93 47 100 59 67 45 6 10 52 1 21 41 59 43 30
13 21 69 22 24 68 68 45 93 14 91 37 83 37 98 64 41 2 7 16 42 64 16 50 24 15 33 18 97 75 98 48 52 68 57 97 97 56 90 6 0 52 75 53 13 14 78 66 46 33 93 48 31 41 59 5 81 76 67 33 89 94 61 16 95 91 42 20 55 34 36 0 9 21 60 30 100 21 13 65 54 18 11 0 96 17 26 95 5 87 78 7 63 100 44 0 99 57 53 3 79 45 75 11 100 18 2 68 81 48 39 50 87 55 57 64 72 57 13 32 64 92 3 81 51 73 13 2 56 46 15 90 99 78 87 77 50 46 83 84 23 59 86 68 51 96 29 49 68 55 2 45 98 91 61 37 38 6 28 56 64 33 11 3 87 75 46 81 36 98 40 30 64 94 25 28 33 51 73 82 78 32 68 17 35 54 29 86 39 56 33 7 99 1 83 100 13 2
12 92 97 74 92 5 0 69 91 80 69 63 1 21 94 19 41 78 79 57 89 57 12 18 94 48 7 26 41 39 71 87 49 5 54 81 55 60 80 78 53 54 83 70 38 32 90 64 1 29 16 39 99 36 69 1 2 45 43 21 27 94 77 21 34 90 35 24 20 94 28 55 8 100 55 61 69 41 89 88 97 17 12 79 89 89 53 39 56 85 96 89 2 63 90 14 97 87 6 51 69 76 6 91 62 58 55 89 34 77 26 43 23 36 91 47 6 75 70 90 17 53 11 32 68 9 35 92 29 96 30 1 32 31 44 65 10 16 93 39 64 89 76 85 89 75 1 19 72 11 75 0 7 52 42 75 66 97 53 57 56 1 7 26 91 94 61 31 94 61 67 12 28 79 92 43 24 71 43 54 69 25 35 92 70 93 55 50 39 29 12 73 30 53 80 81 5 77
51 32 68 15 36 73 20 29 74 26 16 75 84 71 71 88 25 20 29 74 32 17 6 37 43 25 47 80 51 51 20 81 11 59 78 84 91 7 12 71 69 85 86 86 96 17 15 63 79 29 91 92 24 41 68 31 90 75 73 71 97 6 32 69 65 40 19 36 63 38 0 48 21 91 100 12 9 82 20 17 60 18 53 22 0 72 63 99 3 77 7 51 5 31 24 66 32 30 21 3 100 34 71 37 29 82 85 50 58 16 53 76 11 32 8 64 93 44 40 23 47 13 71 96 5 38 43 46 3 26 80 76 88 72 11 51 19 22 27 19 67 97 22 76 90 33 80 49 18 53 92 17 88 76 98 22 94 57 11 67 58 8 47 87 94 66 52 52 9 57 78 2 17 9 33 12 58 15 0 6 84 82 57 52 0 16 76 2 25 5 96 81 62 23 21 94 17 14
20 52 8 63 89 46 3 60 2 80 23 20 77 73 25 94 28 2 87 52 79 16 13 44 75 63 32 31 90 39 11 20 17 98 11 99 54 21 77 37 58 50 24 93 40 30 41 75 81 22 1 14 8 68 80 65 57 3 72 42 29 20 12 18 31 99 77 76 5 75 13 51 72 49 27 69 2 9 96 56 96 8 79 30 47 22 45 75 49 38 78 74 15 14 45 32 24 30 53 96 66 81 25 79 87 10 69 38 22 45 15 69 62 71 91 19 16 23 46 33 97 58 57 42 0 28 29 18 73 79 2 82 2 50 12 91 69 81 55 22 50 62 64 60 15 93 6 39 34 55 49 10 20 49 7 73 89 14 82 23 75 61 57 58 88 48 3 17 22 86 46 31 12 37 21 42 75 59 45 98 99 16 51 17 80 17 60 55 11 73 5 13 14 10 51 35 49 32
25 39 34 5 35 46 93 26 4 32 66 78 41 56 54 33 88 17 49 49 0 63 9 66 2 13 79 30 59 49 41 54 27 74 99 24 2 11 79 53 94 87 50 10 93 39 75 96 53 90 63 1 67 48 40 73 54 11 69 44 66 75 99 57 36 16 61 80 78 15 1 30 21 4 32 1 39 51 33 56 68 99 1 69 29 99 22 27 82 70 75 80 28 58 10 7 57 100 56 100 24 10 75 53 13 96 6 78 46 32 65 4 72 88 54 8 54 67 17 8 73 81 95 4 13 58 34 3 4 93 42 76 71 19 7 86 81 53 61 11 92 13 63 98 55 69 17 2 12 94 68 46 69 39 39 65 34 57 19 41 31 94 100 34 9 13 77 58 31 99 39 50 55 28 68 4 49 43 20 5 97 0 90 72 80 17 45 47 27 44 36 41 48 27 6 80 58 95
27 72 63 6 87 74 68 73 64 16 76 15 58 93 41 11 20 17 28 4 23 61 5 71 13 85 83 82 81 85 16 65 13 4 13 37 57 51 51 79 62 59 92 64 36 71 28 33 10 74 21 5 77 14 12 17 92 36 100 26 40 27 21 57 54 99 6 98 2 71 3 84 92 0 19 78 6 82 45 92 24 39 21 46 8 54 21 12 4 32 86 13 44 69 91 67 75 26 38 20 25 32 12 43 16 88 73 82 92 10 50 40 93 21 70 90 75 81 26 13 70 74 65 84 54 55 89 10 73 36 78 1 17 6 26 86 83 94 98 28 78 16 58 9 54 13 94 59 36 70 54 3 53 37 24 15 7 68 83 99 24 53 1 70 18 24 48 71 43 98 17 38 40 40 58 36 3 83 29 24 91 98 79 25 47 68 92 51 99 38 79 99 68 72 87 92 45 32
65 61 7 85 91 40 7 44 50 43 53 70 85 27 30 47 48 15 17 37 45 38 94 1 77 81 77 76 35 9 41 91 20 3 100 22 53 19 79 48 7 73 93 16 79 81 38 59 78 56 17 84 50 64 7 98 12 79 99 14 11 44 62 11 80 9 97 9 43 52 31 34 17 86 41 61 23 6 94 81 52 70 50 57 17 20 6 46 28 72 62 79 80 70 95 44 48 1 20 48 98 1 1 64 45 39 36 59 59 92 24 36 38 26 76 78 50 98 34 89 34 70 97 22 17 24 43 9 50 27 94 34 92 85 80 99 73 12 87 88 43 62 44 99 92 12 1 75 58 13 6 83 32 7 96 53 6 9 34 34 73 87 12 25 90 19 61 40 90 80 46 80 37 21 69 55 24 43 64 17 65 26 70 54 17 88 50 20 82 5 59 37 23 52 30 49 64 24
49 93 34 57 50 86 18 96 96 0 95 19 28 80 94 48 65 38 44 60 28 38 19 62 18 21 56 93 26 77 54 16 88 79 3 96 77 22 34 29 57 81 42 69 54 77 18 48 80 68 46 94 6 0 67 32 47 87 30 53 42 3 9 95 67 36 73 12 33 4 35 39 91 27 52 80 40 63 56 43 25 17 21 85 31 87 53 80 27 37 57 53 57 67 22 67 36 98 66 82 78 51 17 49 79 66 17 88 44 82 45 48 69 1 24 28 23 21 49 52 3 78 51 15 74 47 23 16 9 23 51 69 16 75 78 74 27 4 67 60 45 91 53 32 87 29 34 75 48 63 41 90 87 18 33 43 71 77 71 18 81 90 87 80 82 67 92 4 17 82 11 55 2 49 91 43 28 61 3 80 77 79 90 72 58 82 63 92 22 32 92 54 64 89 54 90 89 79
92 19 35 35 66 38 74 27 51 96 33 20 85 39 63 88 22 59 68 13 35 98 84 8 3 93 65 72 56 11 87 31 87 21 95 78 2 83 96 35 17 37 87 30 35 42 19 47 89 75 66 52 15 97 25 57 79 78 18 60 99 39 3 5 17 29 89 9 38 45 40 25 13 61 69 49 74 63 37 46 15 6 94 71 71 26 28 51 52 59 35 62 1 22 25 78 38 70 45 42 84 43 13 92 98 57 41 86 77 68 8 1 76 24 85 90 25 76 74 82 31 98 49 84 20 17 74 0 20 47 24 21 28 5 88 72 11 44 6 20 32 30 85 46 34 80 30 61 9 19 30 78 33 33 25 59 95 4 89 27 55 85 83 52 91 91 31 38 53 75 21 91 83 89 60 47 42 4 58 90 69 72 5 9 5 10 23 31 81 48 57 82 67 72 84 99 60 88
86 31 69 35 71 88 54 81 92 28 47 49 88 72 18 98 21 74 38 83 37 80 69 73 71 6 57 18 82 97 61 2 53 56 0 90 51 84 31 95 94 72 8 76 11 99 15 4 23 89 60 56 56 50 12 35 82 74 38 12 63 62 29 11 32 32 25 1 94 0 65 77 22 75 100 78 55 66 40 58 79 98 37 50 93 60 26 65 77 44 87 61 12 66 65 6 75 66 25 4 70 13 73 70 91 69 78 71 97 96 53 85 100 21 52 54 45 72 11 22 55 37 86 44 85 50 90 39 76 42 30 40 45 32 78 27 94 59 82 91 62 90 88 72 10 88 54 67 65 96 5 14 57 56 92 15 18 55 18 38 55 87 42 42 85 39 66 47 53 64 16 26 30 55 75 48 55 74 89 30 33 71 99 75 0 44 82 14 8 51 5 21 49 99 74 27 48 41
13 31 10 71 14 15 51 84 61 13 11 95 59 54 53 18 12 10 39 65 2 55 68 54 34 50 87 34 81 4 16 82 96 2 10 55 6 6 83 61 37 59 45 50 7 23 8 71 22 85 46 68 64 97 80 6 39 29 99 90 80 4 43 76 41 36 60 36 99 48 6 85 95 21 41 10 68 37 67 9 84 75 86 46 62 50 41 86 43 75 15 20 28 73 11 52 37 21 56 21 19 57 42 36 19 87 30 84 30 2 62 26 95 45 97 21 44 59 74 51 68 5 86 41 97 14 14 92 53 75 5 33 81 92 61 35 30 61 68 94 42 66 81 21 10 54 88 81 22 86 48 77 2 92 35 83 29 61 69 98 16 68 22 63 39 63 13 39 10 30 12 82 78 66 17 13 52 100 41 95 62 78 14 93 17 100 59 91 20 56 68 41 15 2 70 8 18 75
41 87 80 89 100 22 57 5 81 83 63 39 64 34 2 32 22 78 29 46 25 79 7 5 80 13 98 63 78 98 63 94 45 87 15 17 90 70 61 57 50 39 47 56 32 5 91 42 9 34 35 66 12 77 83 95 98 88 41 41 97 78 60 5 81 55 12 82 47 16 61 60 91 10 10 16 17 45 51 51 23 14 39 41 97 76 30 78 81 15 100 72 35 87 11 48 30 100 26 86 64 93 98 31 56 62 71 97 72 17 19 75 50 32 76 9 40 57 95 88 26 86 49 56 61 21 38 93 4 31 68 22 6 31 79 16 45 62 47 7 19 42 43 15 51 66 38 27 52 25 98 7 32 84 26 98 37 72 79 36 25 46 16 18 55 73 98 96 78 67 76 69 90 77 83 44 17 46 43 59 75 80 55 67 34 7 15 8 47 15 33 13 39 7 6 99 25 40
51 42 8 69 92 28 81 81 51 17 23 72 75 61 32 76 37 71 6 94 72 99 13 58 88 78 93 72 64 6 74 8 91 59 18 32 53 98 92 21 73 30 60 62 37 92 71 9 31 84 28 6 98 34 20 63 75 98 7 20 74 80 97 91 12 93 45 33 46 75 29 68 64 61 44 11 41 36 9 38 20 48 76 11 7 72 49 88 18 100 56 23 29 42 85 99 70 77 43 26 38 86 21 70 6 65 63 70 42 98 16 94 55 11 55 5 14 93 100 82 41 39 61 13 64 0 23 53 64 96 88 79 26 78 48 31 34 34 63 51 3 12 56 82 28 92 46 23 84 82 13 46 35 93 61 83 36 28 90 15 1 89 60 74 57 80 93 85 81 67 64 41 59 41 76 39 57 10 97 64 33 86 98 71 54 40 84 66 78 41 9 59 2 11 5 58 6 5
51 16 6 50 23 97 57 79 43 0 73 38 48 23 83 65 81 98 94 22 16 14 95 72 17 49 20 63 43 51 30 6 7 59 6 74 52 20 19 63 40 13 24 64 97 72 33 64 29 27 67 73 9 48 16 26 53 24 11 14 66 94 56 8 54 69 64 58 16 100 3 80 5 39 92 48 46 53 41 49 49 33 96 74 64 84 13 6 97 20 38 88 97 39 19 66 57 36 33 27 4 86 33 62 1 22 54 67 98 88 15 20 92 42 39 83 90 96 90 3 49 94 86 84 99 34 94 71 89 54 30 26 6 8 15 54 97 13 76 93 32 90 43 95 0 71 29 84 16 66 69 37 88 46 6 90 9 59 53 95 94 19 59 46 74 21 86 76 13 81 32 90 33 49 27 86 85 34 71 23 37 44 7 48 7 42 37 10 61 100 42 36 94 29 7 69 73 90
67 35 62 94 16 83 73 16 1 82 86 99 99 8 32 58 63 33 77 54 27 22 32 88 92 68 67 63 89 39 57 61 49 55 45 21 46 58 97 68 23 94 94 60 2 92 38 87 78 25 16 5 58 0 78 64 57 31 86 33 5 46 32 79 77 52 79 63 87 41 45 90 76 19 55 3 91 69 25 70 94 93 23 67 54 68 68 78 54 50 95 42 84 3 55 57 40 86 8 16 47 13 1 1 55 51 82 24 46 1 83 97 32 64 12 95 67 13 97 58 83 79 12 69 49 6 33 51 84 85 59 95 39 20 60 25 40 2 65 98 55 29 61 42 20 97 52 48 89 50 70 54 67 77 9 8 93 20 40 95 49 54 76 29 0 54 93 67 24 9 16 21 52 30 43 47 67 40 21 43 30 66 85 45 51 54 48 21 31 23 65 28 57 23 87 30 52 29
59 50 4 18 32 88 87 3 61 85 93 54 81 89 28 29 13 8 34 91 16 13 80 96 16 71 100 79 91 36 26 62 81 24 71 62 46 93 95 93 88 25 13 68 80 15 34 49 15 0 61 72 80 50 85 98 43 6 25 19 69 85 12 51 10 55 10 31 15 18 72 25 16 14 0 97 50 14 29 76 20 58 76 4 0 89 65 3 61 58 91 65 84 3 13 9 92 33 60 18 37 19 54 47 68 88 83 28 26 76 10 44 31 40 6 46 14 13 87 71 64 35 24 69 33 2 3 37 58 1 13 62 47 57 64 54 34 73 74 71 43 50 50 17 97 43 57 52 60 63 40 92 82 86 0 76 51 8 73 1 16 72 41 83 73 42 98 92 84 56 79 72 62 77 10 52 6 17 90 48 86 61 16 46 69 39 81 59 63 85 96 73 5 25 68 62 4 86
93 30 26 90 31 78 49 3 38 0 15 14 73 9 90 1 51 95 88 98 6 85 70 36 10 94 69 87 42 62 56 72 51 24 68 76 97 6 44 98 34 70 30 13 14 49 8 70 79 2 26 38 85 93 76 90 51 97 44 43 100 80 48 95 77 5 30 13 9 14 86 60 12 51 89 64 29 27 23 85 52 38 72 15 77 61 12 86 44 35 19 58 97 91 60 37 2 81 83 35 91 51 100 48 32 98 43 44 52 10 44 46 26 72 6 74 73 48 70 94 85 66 80 71 37 91 73 60 87 31 96 23 65 63 36 10 93 66 41 29 27 45 25 94 90 19 37 76 13 81 5 91 88 46 48 8 34 99 38 1 1 93 78 48 96 41 72 73 15 37 37 56 76 43 50 4 52 26 18 6 75 59 31 76 35 22 74 80 73 69 59 50 35 9 48 42 70 89
34 14 18 30 79 65 10 74 56 8 99 92 13 16 74 91 5 33 76 7 1 50 0 90 35 89 19 56 86 39 1 40 41 37 17 64 32 32 91 59 34 89 0 92 52 82 52 42 16 55 7 79 64 65 88 72 10 87 35 99 49 46 56 2 15 79 47 75 31 16 49 98 49 94 95 10 21 10 97 52 57 27 25 28 10 56 29 21 55 94 52 46 87 81 3 96 58 33 3 80 47 29 32 88 11 44 20 52 81 45 5 55 31 90 82 45 71 80 10 25 38 4 32 58 75 22 93 15 85 100 38 94 67 87 51 91 26 79 49 99 98 23 99 15 46 56 73 56 65 64 77 96 99 2 27 41 30 56 98 43 66 71 91 75 19 99 34 31 90 3 34 81 28 46 81 94 80 54 22 14 31 28 99 70 38 81 50 28 42 9 7 95 88 56 82 52 98 59
30 55 66 44 95 45 27 22 62 59 75 87 13 100 48 23 59 48 45 6 32 5 57 14 32 24 86 59 98 27 63 80 19 24 75 35 96 92 25 39 6 15 89 48 77 36 17 90 34 20 40 74 13 31 55 5 22 24 55 45 66 41 76 77 98 40 93 57 24 11 39 7 68 51 45 49 69 57 89 58 93 52 0 91 59 95 46 23 24 20 2 86 32 30 70 34 30 88 17 12 23 62 43 80 9 69 87 74 13 88 76 11 44 17 59 5 80 15 16 86 5 14 19 40 99 63 42 6 84 58 80 68 72 19 1 6 42 69 10 84 26 95 82 36 45 12 28 17 36 39 28 13 61 10 10 43 41 11 17 84 44 80 83 18 53 88 28 74 13 77 94 95 43 22 3 33 42 34 71 31 35 32 21 12 100 93 98 73 85 74 74 95 58 38 86 48 19 65
71 45 41 77 39 29 45 39 75 9 58 0 77 97 19 67 93 68 27 40 54 16 78 93 31 48 58 52 17 43 87 26 79 70 19 17 4 83 16 15 3 17 68 32 80 99 17 34 64 92 24 20 13 51 8 7 56 17 41 14 19 65 40 96 35 72 30 54 39 23 50 28 72 92 60 95 39 49 26 38 18 3 81 68 62 71 54 39 41 93 0 89 97 49 23 15 23 24 91 13 95 17 19 16 71 55 44 57 35 80 77 91 64 53 54 80 17 72 69 71 35 51 55 95 42 74 44 30 4 86 22 72 63 77 45 0 99 41 7 6 54 37 66 41 39 100 57 17 54 20 48 30 31 12 95 74 100 91 66 95 15 12 60 58 93 55 69 56 13 46 73 62 72 56 23 53 21 90 16 59 69 38 34 76 52 15 97 80 29 3 49 47 45 97 60 48 0 78
21 31 93 33 98 91 82 39 13 7 26 47 62 100 11 45 17 94 37 35 61 38 42 15 38 6 88 91 91 97 61 70 46 7 72 48 88 91 96 10 67 89 39 16 2 37 10 81 25 25 95 56 13 9 70 88 37 81 17 90 66 0 69 69 47 92 81 32 42 79 17 1 73 100 65 22 47 12 86 7 29 14 68 19 81 75 90 67 18 62 79 100 51 45 34 50 27 99 75 91 19 90 90 8 82 50 61 24 6 43 6 6 30 37 71 62 13 70 19 75 3 11 83 1 15 70 44 30 90 31 3 85 75 62 100 63 21 58 10 97 69 48 100 70 84 92 25 6 31 22 57 96 67 47 38 50 64 71 95 23 77 97 48 91 49 93 89 13 72 26 10 73 67 17 7 37 62 94 44 14 77 69 38 22 28 12 71 39 24 56 22 61 70 62 80 70 43 45
51 31 79 11 1 57 7 62 17 22 62 77 93 47 48 70 19 17 14 73 19 67 82 43 98 10 98 67 7 15 42 92 18 13 29 67 89 61 46 79 80 59 56 64 46 89 100 86 12 77 55 54 21 69 84 83 91 84 44 79 0 72 21 12 6 60 96 24 95 75 28 71 41 100 96 3 97 5 67 24 0 58 76 82 33 49 84 81 57 15 14 31 6 23 73 80 57 30 91 90 84 27 36 53 41 62 24 74 75 2 53 64 60 49 54 78 98 80 95 82 49 44 36 76 78 65 55 98 92 10 13 10 27 32 35 5 60 30 87 96 12 30 52 63 39 18 32 42 67 43 48 80 19 64 96 51 42 69 62 40 77 4 15 38 11 58 65 14 42 46 41 62 34 23 70 96 18 82 82 48 35 67 46 55 38 96 56 33 74 25 79 47 70 24 33 21 10 63
46 10 22 43 66 75 72 75 26 53 98 13 63 92 31 51 33 63 62 25 11 14 92 80 30 58 48 12 39 97 89 62 100 49 95 5 21 78 52 11 16 94 84 52 59 39 27 78 0 54 55 48 38 44 23 51 49 46 58 97 21 86 74 94 73 6 36 71 36 33 25 40 96 2 74 21 85 28 84 56 82 30 12 50 11 52 44 3 27 100 18 43 66 93 39 94 35 7 82 48 56 52 46 29 41 93 78 7 22 100 90 27 64 85 67 5 9 45 59 7 63 62 83 9 32 56 92 1 57 15 42 62 93 22 62 30 89 44 20 72 86 85 19 26 20 91 69 71 12 17 2 100 83 47 25 71 7 71 5 51 76 57 54 15 28 99 9 45 77 52 63 51 65 90 71 82 41 20 58 22 76 33 27 81 28 31 2 19 30 12 42 57 96 97 15 26 83 76
49 7 59 78 32 81 20 3 20 91 97 57 66 29 74 64 58 85 97 35 29 10 97 64 77 2 52 2 70 94 84 2 0 32 20 98 79 29 54 95 6 17 44 13 46 13 12 27 9 97 41 4 33 95 61 21 10 6 46 22 70 34 46 75 83 40 36 84 84 66 97 0 90 7 99 21 62 12 2 12 98 100 27 2 61 36 13 9 27 35 9 70 34 56 42 33 100 95 10 89 78 26 22 6 86 94 60 73 88 24 26 14 56 0 27 5 57 35 39 38 28 66 21 0 64 93 60 77 23 13 3 40 64 77 78 72 61 36 51 23 80 88 58 22 70 90 78 64 26 44 36 98 58 30 73 43 17 43 47 19 11 48 68 41 16 83 86 76 80 41 97 57 38 97 95 36 2 11 51 42 34 76 27 11 30 53 53 76 99 74 99 72 61 89 9 55 52 49
17 0 57 21 93 50 68 100 49 97 9 79 87 38 83 65 4 50 67 44 58 33 12 30 38 56 75 64 3 90 52 30 68 30 73 20 63 46 57 79 85 68 90 82 91 96 32 44 76 30 98 79 58 9 55 11 93 34 10 100 5 41 4 29 53 91 42 57 41 55 47 12 54 4 35 46 62 79 49 75 46 95 2 33 68 72 1 10 89 66 47 82 23 60 38 58 3 77 54 41 43 1 57 6 2 58 16 17 4 91 21 43 86 6 46 19 19 94 14 48 42 29 73 90 93 31 79 38 63 42 91 58 33 57 51 36 47 72 47 62 80 86 84 28 37 92 84 70 69 7 73 88 56 71 48 25 2 70 33 67 46 6 25 49 94 46 44 39 14 72 81 42 9 90 14 64 42 62 64 48 29 35 99 10 78 80 89 45 6 5 36 46 47 2 39 96 64 56
30 84 59 99 70 93 19 40 100 72 67 93 94 26 97 72 31 1 57 74 27 70 37 81 20 51 25 20 20 39 76 53 69 40 72 36 6 100 9 97 31 16 19 66 38 13 81 89 42 17 39 75 42 100 42 83 34 28 7 65 38 14 57 14 26 49 99 89 6 20 45 75 88 96 85 70 100 51 47 70 45 33 90 66 83 61 73 72 30 94 34 55 100 2 6 100 14 68 62 23 54 40 36 91 18 51 55 20 82 59 29 85 34 69 100 67 17 5 35 0 18 17 38 48 51 58 6 68 70 11 32 5 88 43 58 51 78 54 16 54 47 24 96 46 98 14 6 42 73 50 74 10 50 91 51 37 18 73 59 86 31 95 58 53 63 28 0 76 71 16 59 95 21 62 31 75 76 68 9 79 41 24 97 24 16 68 61 50 91 19 42 55 10 5 58 0 5 18
34 40 77 15 70 42 6 98 75 67 12 45 87 44 82 20 99 75 86 70 16 72 48 25 91 13 58 65 75 12 20 75 47 77 52 99 72 58 98 28 100 15 51 83 95 51 75 56 70 99 58 77 14 5 96 2 77 74 13 14 67 50 88 5 92 1 79 18 46 92 96 92 36 53 83 90 100 42 13 77 11 10 22 90 93 29 70 42 42 88 43 67 50 83 52 69 56 75 34 57 25 60 57 94 100 44 88 96 58 8 47 79 28 46 40 8 76 100 41 89 25 74 93 95 27 7 72 72 35 44 52 56 15 44 38 65 33 59 0 56 99 27 33 17 68 13 99 86 27 39 94 9 51 80 83 44 97 37 13 56 100 35 29 29 34 32 30 34 63 85 92 63 33 94 3 77 57 47 71 80 3 51 9 28 86 35 77 95 39 81 37 2 40 100 50 71 13 0
9 26 55 86 34 9 90 29 1 56 34 74 18 57 38 92 27 38 100 1 93 1 21 78 49 30 15 78 17 10 76 43 3 15 51 12 18 32 81 25 78 37 80 88 7 71 30 43 57 50 13 80 60 1 5 19 9 49 74 27 85 75 27 84 95 39 59 64 58 29 38 28 85 100 44 8 19 38 47 81 100 49 51 24 53 38 80 16 4 95 84 87 15 7 32 100 94 88 95 17 5 29 65 72 43 9 35 83 38 42 96 36 20 64 55 95 94 81 24 30 45 14 50 59 84 36 46 37 89 60 23 98 38 56 8 62 92 28 16 56 44 47 89 12 18 57 65 83 85 21 10 51 50 29 78 95 100 77 92 51 84 97 18 30 70 99 54 7 67 60 12 15 43 67 78 28 44 78 79 24 20 58 69 11 75 88 33 91 68 30 79 99 67 86 87 75 57 56
62 57 63 45 90 73 64 46 82 60 68 85 75 21 21 68 54 41 27 14 97 28 11 81 14 11 55 38 88 88 95 42 25 64 56 18 28 89 53 53 25 1 26 19 9 19 19 60 43 33 96 59 63 26 53 6 35 63 59 89 74 29 93 50 64 13 32 79 36 68 34 10 37 74 12 68 62 95 8 26 58 48 99 64 41 66 28 98 25 93 88 16 35 92 64 97 100 69 16 94 2 27 28 20 93 98 36 22 98 30 71 17 16 46 94 74 61 32 98 2 17 45 29 96 99 28 97 52 61 81 18 0 55 81 92 5 69 14 48 63 9 84 91 6 66 76 51 40 75 45 36 68 14 7 19 81 51 46 21 47 19 33 32 17 67 45 91 17 16 69 85 5 20 76 37 94 52 58 8 4 82 76 57 45 8 68 8 22 86 62 12 86 72 17 97 96 15 36
77 85 63 19 65 75 95 75 57 54 40 57 100 77 98 54 32 61 44 51 7 21 3 57 38 0 76 2 24 88 72 5 93 44 12 76 63 75 65 42 35 19 99 94 91 43 15 52 72 27 19 73 83 30 41 44 14 0 89 39 92 41 73 8 85 71 6 86 97 48 67 60 69 0 69 80 88 35 87 84 100 46 10 86 9 7 42 22 74 4 76 32 3 55 35 57 81 77 63 97 40 60 69 48 20 87 64 43 30 10 34 57 24 39 22 19 53 67 15 70 40 2 83 83 37 24 27 77 91 67 87 91 57 49 70 13 23 72 4 8 3 37 21 34 8 8 23 57 89 13 62 35 51 53 1 92 34 12 57 7 2 10 78 71 18 5 19 100 62 19 82 80 96 58 35 46 36 64 86 25 38 6 49 82 33 17 46 80 69 67 73 40 20 3 72 21 19 23
6 84 36 59 47 76 100 7 69 17 0 57 60 75 69 63 68 29 30 21 43 95 60 23 82 90 37 4 0 58 91 100 61 83 13 27 45 21 60 35 35 21 19 1 58 18 7 97 22 58 86 19 51 40 44 99 86 85 51 63 25 53 47 71 48 45 6 26 58 3 55 83 77 92 83 48 13 27 30 16 32 35 5 17 61 33 62 19 73 42 46 67 25 44 90 38 67 19 61 82 97 94 58 73 32 47 95 96 2 17 51 31 73 77 50 69 48 9 99 92 27 8 64 24 53 77 51 55 43 4 87 38 57 19 25 71 99 59 10 59 30 73 87 13 91 61 42 3 20 79 63 29 68 31 33 45 47 71 52 1 93 29 27 74 98 34 83 34 65 32 46 4 17 21 67 46 54 81 48 97 73 17 74 62 39 28 67 62 48 35 13 39 52 88 72 43 29 93
5 99 67 0 47 6 11 59 79 69 24 41 44 96 33 92 55 96 34 18 24 91 12 91 100 71 90 80 84 80 18 32 99 16 14 45 23 29 24 39 96 31 31 74 84 68 8 82 51 30 60 5 46 32 48 88 78 6 85 91 100 16 20 34 59 36 57 62 41 35 51 99 94 21 21 3 97 31 12 69 93 41 5 6 57 21 76 68 32 44 10 14 56 88 77 97 66 40 74 26 5 12 98 75 63 88 73 66 81 50 35 97 58 71 42 14 67 31 97 20 83 15 1 75 15 95 63 22 23 80 74 73 42 70 32 51 98 80 78 78 94 86 62 7 8 32 75 45 68 20 60 6 36 43 39 1 17 0 58 15 29 86 37 38 24 56 39 72 60 9 80 83 40 7 64 43 63 24 0 42 15 33 34 42 95 43 37 0 12 41 14 62 94 58 45 13 75 67
59 38 41 84 59 36 50 6 16 56 73 52 79 56 75 34 36 95 81 59 4 29 59 15 98 94 61 60 10 35 22 65 5 15 56 26 60 47 32 54 17 75 0 62 81 86 23 17 97 80 8 92 36 21 6 4 6 60 32 93 76 23 33 94 33 95 55 91 100 79 2 24 76 42 4 57 90 0 15 97 53 12 94 33 61 19 67 61 40 91 66 30 62 14 35 23 81 94 73 56 3 70 67 27 22 90 95 68 16 93 100 15 51 65 45 28 69 0 43 55 13 83 43 79 43 10 48 46 86 16 95 38 95 48 55 4 73 5 17 79 57 9 92 92 42 68 12 36 2 6 27 2 72 40 65 48 91 10 26 77 43 46 63 46 3 48 65 36 2 6 62 74 29 93 13 78 11 34 3 97 33 24 47 44 49 93 84 95 55 23 29 38 68 31 65 72 62 13
4 36 9 68 95 16 87 16 27 38 68 68 40 26 10 61 23 84 3 38 12 86 11 32 48 28 36 29 76 18 6 40 45 68 74 85 80 32 54 29 26 98 3 73 83 19 35 27 74 19 83 86 74 83 65 62 11 43 44 31 100 77 73 27 75 64 93 13 20 80 48 40 73 81 5 49 20 6 95 49 100 80 41 19 96 78 60 42 77 88 7 37 45 1 56 8 25 96 8 38 21 70 44 36 74 12 63 30 74 35 92 59 51 23 2 60 21 96 1 87 78 4 58 89 45 52 45 18 99 15 98 37 47 65 50 48 10 72 23 85 65 65 75 5 16 95 13 47 70 1 30 43 83 34 96 89 45 88 21 39 54 63 67 67 45 98 43 5 5 89 9 29 76 73 46 35 78 56 35 4 68 67 33 27 3 53 34 15 23 52 36 30 100 78 71 11 73 8
37 83 42 97 64 76 49 47 52 75 9 34 0 38 98 36 30 63 55 29 99 61 70 56 38 16 18 40 64 87 17 51 28 16 88 25 21 90 42 84 18 47 34 99 88 100 44 32 21 13 47 0 86 63 91 49 43 70 21 2 51 99 12 34 25 85 11 64 68 13 77 61 99 31 100 64 67 94 90 28 53 98 39 72 69 91 1 6 3 58 67 85 0 60 69 83 69 38 98 62 98 88 49 99 43 25 37 87 94 87 43 85 33 10 14 9 44 34 64 82 55 21 9 39 95 65 85 59 98 32 62 74 27 61 16 18 65 64 77 35 84 60 88 66 61 7 100 89 32 36 18 17 39 9 46 7 13 87 37 61 69 5 54 56 53 16 92 94 2 36 54 40 96 9 30 12 32 87 12 71 29 40 26 56 57 90 80 46 96 76 56 26 53 48 64 50 58 19
85 65 2 51 36 13 9 77 8 39 78 59 44 9 59 27 35 20 23 47 21 89 9 13 28 63 53 13 98 24 3 80 21 79 81 83 65 86 2 87 60 40 68 71 15 41 9 69 81 72 95 31 90 36 95 98 96 1 66 11 3 2 62 6 22 93 18 52 82 78 64 76 37 56 88 59 62 99 68 26 49 8 56 1 81 83 48 84 18 3 90 85 1 38 9 67 79 1 79 60 45 75 26 47 70 32 41 5 74 76 17 2 9 88 92 51 43 100 84 91 43 44 33 90 51 9 57 34 51 91 17 92 53 28 29 90 11 60 68 69 15 42 1 11 90 43 0 43 17 26 78 58 27 65 57 99 95 5 37 94 47 74 100 15 30 65 63 3 22 52 12 69 86 89 10 5 52 42 70 34 65 7 11 35 41 0 49 99 4 94 45 35 98 94 1 87 78 77
35 25 93 41 87 3 53 42 79 17 13 41 69 11 66 96 12 29 51 79 83 79 82 93 72 47 14 91 55 70 86 41 14 100 53 95 33 13 50 12 54 68 53 4 54 39 0 93 86 65 17 7 23 96 71 28 79 18 3 30 100 28 77 7 22 45 55 21 8 4 48 6 17 91 78 90 41 8 13 25 62 23 65 19 47 66 21 9 36 23 69 95 61 42 76 17 11 92 26 88 44 48 33 23 92 8 50 38 84 12 12 19 100 12 7 90 50 36 97 97 17 22 59 99 22 18 73 69 27 57 80 91 3 97 10 44 59 62 33 11 99 73 72 62 41 3 92 42 13 58 96 99 74 88 80 75 95 79 82 22 86 11 85 69 4 51 4 60 87 37 78 76 27 20 18 75 44 85 26 32 51 72 19 20 16 77 1 14 84 74 96 52 31 81 79 17 44 69
62 51 75 86 39 10 44 48 54 10 82 96 34 54 60 18 58 42 42 96 3 85 10 29 77 71 38 21 6 79 78 17 22 11 64 72 87 2 90 15 8 11 14 22 72 73 41 29 60 78 89 7 34 26 84 94 17 11 28 95 50 5 38 74 33 6 9 71 31 9 39 33 53 22 24 100 12 78 2 90 96 41 52 41 61 92 78 66 10 33 30 4 32 8 75 43 27 57 93 97 51 68 4 44 68 70 70 40 94 52 62 1 10 39 66 34 71 41 5 59 60 57 51 89 14 55 13 20 18 34 18 54 45 33 18 49 66 92 56 37 46 79 13 88 54 56 69 13 18 100 72 36 33 85 70 60 17 29 37 55 73 46 93 87 92 8 41 9 85 23 15 12 65 49 66 26 0 58 20 77 50 11 43 64 55 26 84 96 46 49 57 28 27 32 25 43 74 17
2 96 24 20 25 77 21 30 39 42 91 91 78 20 90 89 24 44 23 64 33 77 49 53 32 29 42 40 3 34 62 37 85 87 33 71 4 10 70 47 75 3 67 92 3 55 5 27 55 71 33 9 31 42 97 31 9 43 2 56 0 60 73 15 66 46 27 53 8 17 99 59 88 30 80 53 33 26 90 18 12 68 0 22 80 21 21 51 6 21 12 98 65 91 37 14 51 16 25 32 91 56 44 39 32 32 75 98 53 19 52 40 34 97 4 1 35 68 67 92 22 76 32 2 66 82 4 4 76 31 81 59 90 24 18 36 90 85 84 19 49 11 80 41 21 22 86 100 31 0 88 52 65 99 45 61 10 17 24 39 3 76 97 0 71 78 81 9 23 71 53 24 40 0 20 95 69 82 34 40 16 85 17 30 91 38 78 72 33 4 99 85 74 94 55 60 91 10
57 12 33 50 90 68 78 16 42 87 67 31 25 80 51 9 0 84 74 53 58 54 13 59 20 43 93 90 36 0 24 49 96 86 61 76 24 79 49 3 14 50 4 83 90 36 20 0 63 98 38 42 54 49 64 97 11 67 52 82 30 15 88 7 86 63 95 59 59 32 14 64 82 53 87 82 86 18 50 71 19 8 40 44 56 92 7 48 17 88 90 34 53 61 52 58 48 29 19 58 40 3 11 26 39 69 13 37 48 49 62 100 36 4 23 55 69 10 9 43 2 74 28 63 67 38 69 65 29 10 78 43 95 56 49 55 78 47 53 65 40 17 27 67 4 21 61 78 66 44 0 79 28 73 66 44 9 93 19 27 18 1 84 58 79 63 25 43 82 77 5 70 35 40 8 19 33 97 36 74 87 36 89 44 12 49 99 23 50 69 52 70 74 97 30 76 16 85
14 58 54 76 65 66 33 20 50 31 51 68 40 13 81 13 64 79 73 51 85 0 87 31 40 79 53 36 7 68 100 35 17 56 83 8 15 43 22 75 77 24 73 33 72 26 51 89 27 29 60 37 27 40 94 55 22 50 2 34 43 75 24 94 58 71 27 50 20 31 80 42 5 81 90 88 97 15 21 46 100 61 51 66 51 5 50 34 28 92 44 34 86 59 41 24 77 13 14 47 85 82 98 68 68 92 64 43 27 53 38 5 21 48 94 4 58 76 7 47 75 51 17 54 71 16 16 53 64 68 98 30 74 88 12 44 65 54 76 14 58 97 63 81 12 55 92 84 16 77 1 34 22 91 22 43 19 87 5 62 100 66 57 92 70 70 95 27 91 65 95 99 39 94 78 60 32 9 15 78 70 19 27 24 30 52 16 77 96 9 61 10 39 66 37 87 46 81
53 81 90 75 27 45 73 80 3 54 86 74 21 61 26 83 92 28 41 29 76 87 20 27 55 92 31 17 77 45 8 80 67 74 78 77 98 41 92 96 28 9 99 44 69 65 26 93 22 82 81 90 88 89 27 74 1 43 33 44 59 47 47 29 57 54 79 61 35 91 23 6 8 37 87 51 37 38 72 86 75 79 26 90 36 36 72 70 33 9 40 38 92 76 73 13 44 91 90 6 92 100 21 79 97 66 25 26 24 99 95 33 69 12 87 12 99 10 11 100 10 20 11 76 70 70 81 16 33 47 71 35 53 8 37 4 18 78 12 92 81 68 59 36 29 75 44 44 42 84 21 25 39 6 79 39 58 46 75 5 24 39 25 84 5 81 37 77 8 46 16 22 80 80 59 97 83 62 72 68 31 84 58 10 62 62 7 53 32 84 49 19 67 93 22 56 67 73
85 44 90 48 51 2 87 6 78 11 26 82 6 27 7 5 38 70 97 79 18 1 8 75 11 79 7 40 64 100 7 41 65 97 99 66 15 61 85 22 13 75 83 92 55 62 6 61 45 47 56 20 44 16 71 4 96 71 81 4 45 78 56 4 16 36 15 97 58 51 3 0 2 99 61 51 94 32 9 21 95 27 23 27 95 71 3 57 61 94 89 57 99 67 86 50 47 15 58 86 66 3 54 77 29 33 15 53 30 58 28 93 44 31 34 76 16 13 68 86 62 22 75 83 77 64 28 49 75 57 78 17 71 82 93 99 91 10 8 97 41 100 12 84 95 85 50 17 47 100 10 40 90 74 16 99 45 73 41 96 95 29 37 59 63 69 21 35 28 93 18 66 12 23 42 18 38 16 51 95 84 82 22 60 33 36 75 36 35 86 31 87 32 37 37 19 61 56
69 26 18 26 63 43 49 27 18 10 3 18 53 82 84 94 5 78 29 9 11 69 53 53 65 83 59 28 47 97 48 68 79 72 64 41 39 38 84 99 21 20 76 21 63 32 16 82 75 18 12 2 60 83 5 10 13 93 54 69 29 69 29 61 98 55 43 93 70 36 35 15 40 23 29 39 71 17 70 70 81 65 38 84 77 28 3 99 2 83 89 97 34 16 55 28 63 27 6 17 76 63 52 7 93 33 24 19 54 90 21 29 13 65 88 94 23 48 33 91 78 65 37 65 44 92 31 99 24 37 21 63 20 72 100 37 67 41 57 44 96 28 72 37 67 86 19 72 95 60 70 97 37 96 43 14 28 47 1 11 55 5 4 75 24 87 42 76 24 77 79 70 37 24 71 73 18 4 5 87 98 17 6 93 65 45 13 81 55 9 4 81 24 30 95 84 71 83
67 66 83 55 26 27 97 57 41 86 72 31 29 13 41 32 32 84 17 83 86 37 30 40 19 84 23 45 18 31 66 5 61 52 98 4 96 79 58 3 98 16 50 44 78 54 100 43 11 36 61 47 73 34 57 90 31 27 78 23 87 6 69 84 56 59 49 87 13 90 21 97 37 75 39 15 6 57 99 61 64 36 78 15 84 90 43 95 99 8 96 50 17 72 59 27 11 68 5 96 51 75 25 89 70 10 48 30 77 60 78 35 11 14 36 22 100 94 56 90 22 5 76 98 1 6 90 35 76 6 4 71 99 4 90 88 95 52 20 24 29 12 88 70 49 0 44 80 78 94 16 86 31 10 93 11 62 93 38 82 50 0 61 10 52 3 25 71 93 88 12 89 30 43 82 22 77 83 6 81 24 96 97 59 5 84 90 40 64 71 47 81 7 73 26 68 76 97
68 37 43 26 79 97 9 1 65 10 37 72 26 35 15 58 5 58 89 99 63 89 94 94 28 71 54 46 35 89 26 88 55 66 50 94 7 4 48 49 27 80 70 32 49 8 90 37 34 56 17 74 71 80 62 8 30 28 44 38 92 32 86 15 77 19 0 15 88 48 71 94 11 88 44 17 30 52 68 27 30 88 88 86 10 40 49 93 7 35 90 43 64 100 37 21 89 70 17 9 11 61 15 21 29 60 94 98 30 60 78 93 43 15 86 4 73 73 74 4 73 54 58 95 11 25 40 18 95 58 1 0 22 92 69 8 31 94 63 34 17 18 41 72 89 68 4 100 90 76 2 29 62 93 66 50 28 22 22 34 72 11 46 1 8 7 48 13 31 58 69 8 11 77 25 90 38 65 92 69 94 89 59 68 13 60 44 79 21 78 68 79 64 90 13 62 43 34
4 12 42 30 11 1 78 29 14 20 78 9 8 50 66 42 88 25 22 9 0 77 75 56 48 24 88 69 45 91 15 27 73 5 96 16 59 89 70 52 18 15 5 21 20 16 73 75 52 69 57 7 16 92 85 71 100 99 12 43 43 4 92 100 65 35 83 24 66 81 28 84 85 90 29 65 45 93 20 92 40 73 47 13 45 74 65 8 90 54 63 1 28 52 25 88 28 69 30 10 8 3 47 69 43 75 91 4 3 73 44 78 85 40 71 67 65 91 27 87 84 12 1 67 48 70 67 74 58 88 68 90 29 10 72 72 31 90 6 61 37 62 60 58 22 84 31 36 57 13 66 88 75 32 79 69 31 92 23 91 16 96 44 68 68 15 27 45 56 8 63 77 34 35 7 38 40 63 67 61 63 89 72 58 12 48 90 72 100 70 83 41 14 88 64 46 3 90
85 4 82 74 14 79 32 47 29 76 22 42 99 56 100 71 21 79 16 5 2 14 85 12 36 50 79 45 47 86 17 49 19 71 78 49 31 50 53 62 96 88 13 32 68 77 57 9 42 35 81 57 38 52 95 100 74 87 30 22 16 27 100 54 52 44 32 4 73 87 68 48 78 97 57 23 50 16 75 86 50 19 33 71 2 28 6 89 22 36 85 63 11 99 68 59 49 87 50 63 16 90 33 76 94 54 90 50 100 9 22 96 0 92 23 42 43 40 84 67 7 81 22 70 32 81 9 20 5 99 88 63 78 31 92 35 60 92 47 74 29 35 97 43 84 25 81 15 61 54 30 9 3 77 74 4 73 73 48 84 99 93 28 31 90 23 16 26 75 6 52 32 74 56 76 17 48 100 70 90 25 9 18 50 96 14 3 98 27 41 92 87 86 65 51 85 38 68
14 42 90 23 64 36 20 92 41 89 31 86 11 95 74 100 42 70 29 40 50 80 96 2 28 15 68 39 12 20 15 4 51 26 95 18 6 100 84 65 2 61 99 9 49 51 14 29 79 16 24 13 78 75 72 28 79 71 17 71 62 15 85 98 11 78 25 34 68 78 28 33 7 48 88 58 26 92 35 64 60 42 58 57 97 26 26 90 38 87 81 81 97 66 81 63 68 57 88 95 18 98 50 73 24 84 38 14 10 44 10 22 90 46 84 17 65 17 53 80 49 24 64 41 7 48 31 3 8 89 99 91 46 52 86 91 29 23 55 32 18 4 75 94 84 37 7 88 25 44 49 22 100 28 100 60 9 1 66 86 90 43 44 58 1 83 100 83 15 58 74 18 88 81 65 66 0 73 97 97 81 41 49 6 23 42 9 56 42 57 27 45 44 19 5 21 42 50
10 3 64 74 36 0 80 49 0 3 42 16 79 63 89 67 78 50 19 57 43 71 39 77 64 33 25 59 71 6 42 30 97 81 7 62 70 78 64 35 79 62 21 10 37 73 38 62 14 72 84 44 4 8 65 53 39 29 90 25 21 33 91 17 87 55 54 95 64 50 81 49 65 89 17 35 14 29 75 1 47 64 46 94 71 11 42 97 46 72 93 85 8 31 91 74 64 19 24 31 7 89 16 18 66 78 21 50 74 96 7 27 43 37 46 2 60 48 37 75 90 38 12 33 12 9 48 58 73 81 93 20 76 86 73 60 71 45 21 86 4 69 35 65 5 44 39 99 9 88 87 25 88 87 2 32 48 99 46 87 95 71 25 81 25 11 41 46 60 72 69 49 68 10 74 2 39 37 5 29 14 50 38 67 97 35 9 61 51 82 31 87 31 54 39 76 91 22
70 7 51 9 77 92 77 82 36 64 20 42 48 75 24 90 79 46 53 23 65 46 35 68 89 92 85 6 25 46 61 78 90 82 90 40 69 64 11 65 59 94 68 30 41 64 54 54 22 51 81 0 85 63 39 72 21 27 78 93 34 54 64 17 49 59 70 69 83 40 99 39 81 33 39 37 55 62 1 86 53 24 22 72 81 86 69 44 97 97 98 80 54 98 40 19 47 16 78 56 20 74 99 15 63 73 19 51 49 13 27 42 63 79 15 35 5 96 83 1 72 42 72 1 61 50 55 2 93 36 8 49 24 47 56 42 79 3 15 38 96 77 68 97 3 73 40 33 55 96 88 15 23 14 64 7 27 39 82 84 1 11 94 14 79 93 24 8 90 40 45 13 71 38 75 93 61 87 45 21 42 65 33 69 92 46 46 60 68 20 55 70 43 97 44 77 89 15
98 11 50 81 96 37 24 5 53 70 77 23 92 83 53 49 64 95 63 81 54 23 15 97 8 75 85 82 61 28 87 54 93 47 19 44 46 57 98 86 46 26 77 67 11 60 85 2 22 37 97 39 40 88 73 67 76 21 86 41 55 88 92 42 37 46 85 65 69 79 9 16 88 34 35 4 66 7 28 17 10 71 14 43 66 24 34 19 4 30 27 34 93 3 50 98 11 60 76 3 30 42 5 76 56 73 41 35 1 71 13 70 10 50 59 77 38 70 6 87 21 70 21 63 73 74 20 28 34 42 2 53 3 74 49 15 5 25 34 41 26 59 77 45 96 63 77 4 93 98 83 44 44 44 36 12 92 68 75 50 59 30 100 2 80 59 64 89 94 14 48 47 60 68 89 6 64 94 5 49 60 70 73 28 63 84 71 5 81 10 52 32 42 38 87 13 39 44
57 59 71 39 86 34 65 73 100 11 59 41 51 62 80 14 22 58 59 35 98 19 29 79 91 83 72 79 38 92 93 100 95 48 40 21 62 97 70 90 36 75 3 89 39 8 87 2 52 78 76 65 56 7 92 86 14 52 9 31 54 80 69 45 11 19 35 78 12 16 37 41 96 79 98 55 3 65 6 22 27 74 21 82 25 98 9 18 92 90 42 61 88 80 38 73 28 16 45 82 16 39 80 49 26 58 41 53 75 29 1 14 57 11 84 85 19 32 40 94 73 44 93 92 86 46 26 10 29 54 19 1 16 39 6 90 21 72 9 28 9 4 15 52 33 69 30 50 29 92 68 69 1 99 53 39 57 90 15 24 35 89 22 20 85 15 99 5 2 98 30 58 0 77 89 17 70 14 49 89 58 63 64 16 72 64 40 79 53 31 75 64 33 82 83 46 94 21
53 12 26 31 85 82 12 7 99 42 84 98 24 59 6 98 67 91 23 97 76 11 7 52 90 59 24 96 45 33 63 43 66 47 26 71 56 77 17 83 18 53 95 55 3 72 90 39 3 18 65 8 68 6 87 75 56 24 54 35 73 93 21 92 41 7 59 55 83 62 66 11 38 55 44 58 99 36 70 0 38 70 73 94 37 96 0 61 56 41 93 85 94 54 58 90 73 75 30 23 13 15 61 44 1 6 71 99 71 60 49 92 77 46 55 84 13 48 16 78 41 86 43 54 78 75 30 53 50 40 71 91 33 33 30 19 30 3 29 83 58 89 76 83 78 3 64 52 7 96 10 99 15 25 42 5 66 70 8 29 98 41 73 27 56 55 60 9 34 33 100 71 52 3 54 19 49 27 4 32 19 31 20 20 60 19 14 15 35 67 2 65 47 25 38 18 44 40
66 28 55 63 48 90 17 32 5 18 64 73 64 63 91 39 4 54 15 28 69 56 19 63 74 2 53 6 50 84 33 38 77 87 70 63 55 65 36 75 77 2 29 62 47 35 50 21 73 30 70 57 22 53 13 88 83 77 75 71 44 77 31 46 89 83 72 15 41 27 84 61 85 11 61 41 51 14 4 4 96 17 10 83 69 92 70 86 91 57 39 23 11 72 63 5 100 84 61 62 28 95 69 10 64 54 15 61 99 29 59 10 81 70 20 92 42 22 85 60 42 79 58 0 46 8 55 39 96 27 58 52 81 35 51 89 23 43 38 44 2 91 20 59 17 62 89 35 44 28 73 79 85 21 61 26 2 57 7 32 83 2 63 47 7 7 95 23 89 6 100 85 52 19 3 51 61 74 23 11 0 50 1 51 82 91 5 22 23 22 1 13 94 94 65 15 13 70
34 50 63 51 61 94 49 49 79 51 67 23 17 47 53 6 92 72 70 1 53 26 34 40 53 24 100 22 67 98 21 6 80 34 82 29 93 18 35 54 66 32 28 81 10 57 52 63 91 89 11 84 17 21 21 99 93 40 35 27 5 85 4 40 34 3 82 39 34 29 44 83 5 85 4 72 32 20 0 70 2 15 56 55 46 12 9 27 22 100 1 77 7 19 76 83 45 99 15 78 97 18 29 98 29 62 78 51 95 91 97 94 59 94 45 1 25 40 66 8 39 23 62 71 85 7 62 58 96 74 91 20 52 88 26 44 71 14 73 94 88 45 14 69 2 95 10 23 44 63 26 75 68 21 75 82 74 79 0 47 22 80 82 52 32 45 92 25 22 31 82 19 97 24 63 75 19 74 43 59 2 51 37 93 38 40 58 97 56 2 69 63 95 8 29 48 47 89
17 49 9 72 57 52 50 99 60 65 6 78 31 14 15 84 95 68 0 95 91 33 63 84 46 45 6 83 21 36 51 100 41 88 10 8 21 61 9 74 73 66 63 21 10 11 47 45 64 45 89 28 45 57 7 72 15 55 36 98 70 88 33 20 92 2 50 80 18 58 75 84 67 73 65 1 39 39 50 44 35 24 12 10 83 81 38 14 89 81 84 62 52 87 65 79 27 66 2 43 14 3 66 66 5 43 86 89 45 20 49 28 91 28 38 52 37 23 34 75 31 0 30 57 82 92 86 71 69 96 68 39 22 46 72 27 49 19 51 38 12 80 69 33 33 84 10 11 24 91 25 9 52 40 51 79 38 16 88 69 83 87 84 46 88 91 14 41 50 95 7 1 82 25 6 74 17 10 57 58 73 19 45 5 47 19 7 38 16 22 9 61 97 79 36 71 88 94
57 2 41 78 11 49 7 31 6 84 0 9 36 39 43 27 17 15 21 64 45 25 45 75 50 7 95 34 33 81 60 38 20 22 50 60 39 60 25 23 19 34 47 53 41 21 19 54 52 41 69 2 82 100 60 61 33 89 82 39 23 78 6 85 15 22 95 36 28 83 96 12 13 48 78 91 84 64 75 39 9 84 68 43 31 37 56 45 31 3 79 84 3 51 59 51 74 77 60 27 35 22 5 54 1 11 13 89 98 5 34 16 25 9 77 88 46 99 0 17 17 70 55 72 20 83 17 28 78 70 66 79 85 15 48 83 34 0 21 28 23 59 26 41 23 8 82 6 94 69 1 1 94 62 12 42 86 78 46 84 9 88 23 81 46 37 64 80 8 26 23 100 57 78 6 47 95 14 9 64 80 90 5 77 94 64 67 25 71 40 15 70 36 20 61 1 33 13
60 24 17 58 77 53 31 45 73 70 79 14 0 1 76 49 14 82 55 57 37 46 90 53 51 30 18 95 74 63 35 68 29 83 53 39 43 47 68 76 91 13 34 64 9 33 13 94 18 58 63 64 32 28 28 45 35 85 45 93 38 24 14 12 99 43 36 38 89 21 93 16 14 36 6 80 98 2 66 7 43 53 31 95 95 17 95 65 20 66 37 80 66 84 72 70 74 69 4 84 38 29 88 63 17 13 10 74 90 72 23 20 61 74 52 100 57 83 85 17 58 27 59 49 96 36 16 5 7 31 98 40 83 42 50 43 72 49 32 8 15 96 52 71 2 18 48 9 67 24 49 36 35 89 49 1 80 57 8 36 5 22 65 5 97 27 64 0 88 62 12 80 93 62 27 80 1 78 88 27 35 73 29 100 35 40 32 25 54 30 92 30 49 54 12 53 99 88
8 50 61 78 41 62 78 38 8 56 27 56 44 68 16 72 85 23 37 64 43 46 17 29 6 14 100 35 87 74 3 89 33 67 90 15 64 26 87 99 60 33 25 23 21 93 50 95 49 88 58 67 32 46 79 36 9 82 79 76 60 96 10 65 11 51 81 99 40 29 30 43 78 80 13 84 39 67 93 90 36 80 44 79 48 16 19 51 36 36 60 40 80 77 41 87 67 28 11 30 28 32 25 34 87 69 45 18 6 27 96 12 31 24 6 46 14 21 49 89 43 18 26 11 45 42 24 25 43 39 98 3 30 76 52 62 10 70 58 34 56 61 97 10 31 96 18 30 68 8 87 25 20 84 61 83 99 99 56 92 19 8 37 35 41 15 65 69 80 23 20 81 20 27 7 19 82 23 52 38 74 81 45 18 28 81 72 18 9 51 79 25 32 57 75 6 22 94
80 86 92 96 45 95 66 27 73 73 6 86 65 53 62 83 2 42 46 58 30 99 73 62 31 17 32 31 17 84 63 68 79 54 61 53 33 3 6 42 68 42 27 70 82 25 9 7 80 58 89 52 27 54 79 80 50 50 52 42 100 8 23 94 97 45 95 53 33 41 48 48 35 52 26 76 89 93 24 74 3 98 76 21 17 12 53 97 91 81 48 37 57 71 25 45 43 47 40 89 99 81 87 96 26 51 23 84 12 42 100 9 63 56 89 60 26 46 55 89 31 2 93 92 98 1 31 60 67 21 80 47 15 94 80 70 85 62 7 71 28 75 21 70 88 20 30 74 51 4 45 35 52 7 56 52 32 44 24 7 56 33 69 75 11 90 33 32 21 25 70 10 25 61 88 28 2 93 55 81 2 17 33 27 29 56 3 8 88 44 24 30 99 66 10 50 56 37
27 42 36 60 77 81 33 53 87 63 90 100 84 28 0 30 59 71 75 58 76 98 72 20 45 21 67 29 56 76 96 64 30 53 60 1 8 74 69 69 71 16 75 38 94 34 76 31 45 87 18 84 13 71 47 37 65 68 32 33 79 66 69 11 41 23 86 74 64 54 2 7 88 76 89 16 48 88 56 89 72 33 40 82 33 65 55 56 93 34 99 6 49 99 67 35 47 57 27 81 95 38 66 88 15 8 13 79 64 89 14 55 17 98 84 96 48 35 57 93 39 100 53 43 88 28 82 19 71 80 41 78 100 64 72 66 85 74 59 64 54 23 68 3 35 16 42 84 83 84 31 44 69 15 15 54 88 56 38 6 98 90 88 67 0 27 67 31 36 72 63 37 1 70 63 44 3 13 96 22 34 67 21 48 44 50 66 8 88 24 100 2 33 39 56 88 28 97
50 22 93 30 42 85 47 64 11 73 11 74 8 90 0 19 85 76 16 58 53 3 10 97 16 51 28 23 25 25 64 81 49 18 72 64 74 67 23 42 47 37 85 17 68 10 92 40 12 11 98 31 97 42 33 43 9 46 96 21 62 24 70 95 2 17 98 100 54 67 23 54 3 25 42 58 3 56 36 50 90 61 53 100 55 58 62 9 81 81 21 48 86 95 45 74 79 5 69 66 2 81 34 28 12 11 2 11 34 23 97 1 90 60 73 10 7 40 75 9 30 44 6 90 37 46 47 29 81 49 34 67 60 41 41 92 40 41 87 35 31 75 35 68 19 89 31 66 77 71 54 90 77 32 96 17 87 52 97 21 37 96 14 79 43 27 54 46 28 50 64 32 26 5 9 89 56 1 50 72 29 57 75 2 76 2 35 12 70 85 62 20 38 88 33 32 76 50
