438 75
97 86 72 15 26 43 35 23 71 27 35 31 61 68 81 16 40 77 80 37 13 25 62 4 94 3 54 28 39 0 16 25 5 71 54 62 53 38 15 97 88 73 52 87 47 54 66 16 98 6 57 34 44 90 17 88 32 58 85 4 6 53 7 91 82 17 84 2 64 72 30 40 20 31 23
35 29 0 89 28 21 65 79 66 0 26 49 50 70 14 56 88 78 57 47 78 86 81 34 87 94 39 3 15 63 69 51 40 17 24 50 11 40 26 73 46 14 83 3 65 4 50 92 82 58 35 62 72 26 17 91 55 92 16 65 38 74 95 80 36 74 0 30 66 10 57 100 14 51 93
81 37 44 100 39 71 40 12 40 85 75 68 97 57 23 40 20 97 32 94 52 27 49 90 64 87 1 14 73 12 0 64 63 57 25 16 15 12 6 89 30 2 59 44 71 44 3 28 99 22 7 60 52 64 35 3 1 84 99 10 34 59 93 91 63 62 33 95 100 26 73 33 56 78 26
54 5 94 28 64 28 17 16 33 20 49 71 61 40 19 83 44 65 4 64 70 68 79 10 2 56 74 72 16 29 51 20 35 37 2 72 90 46 35 11 75 100 49 22 94 59 85 47 28 65 16 93 1 66 38 70 30 58 24 7 9 97 29 4 68 89 6 32 79 39 66 67 75 6 26
77 63 32 8 28 85 24 86 13 51 29 10 83 63 62 51 34 14 69 37 34 30 20 42 16 27 96 57 17 89 88 69 22 100 20 70 98 0 53 50 67 8 19 30 27 14 46 18 39 36 39 96 48 74 48 66 88 88 45 91 71 94 30 37 100 75 3 70 24 49 67 23 65 10 68
3 17 30 97 38 99 55 49 4 88 75 4 51 10 20 32 40 58 88 68 37 58 28 1 20 4 63 96 82 75 75 99 4 14 50 85 38 53 70 6 10 73 73 89 83 52 49 47 75 70 46 12 73 34 9 100 9 35 12 2 34 80 81 67 31 75 94 98 84 53 78 14 88 54 96
27 10 80 98 72 94 99 7 98 4 85 73 75 3 36 70 61 7 6 19 3 33 1 22 21 75 53 73 20 75 35 73 92 81 76 60 20 14 31 21 93 16 2 23 20 84 69 22 90 36 70 76 87 49 80 12 42 13 74 66 50 55 9 42 6 76 65 3 2 33 88 93 72 88 57
100 78 15 69 87 54 83 54 100 4 88 99 80 69 30 22 58 82 51 12 50 19 41 6 55 67 95 88 66 71 73 4 76 6 95 97 98 55 87 53 10 13 11 62 27 78 19 0 52 40 99 89 45 31 37 63 58 5 93 51 33 45 54 26 21 14 99 7 49 67 38 60 21 37 84
53 50 41 71 14 47 11 50 20 9 13 72 43 79 37 82 8 43 38 5 75 12 5 74 86 52 78 80 61 60 9 40 79 11 44 49 23 40 66 76 74 98 82 86 55 44 11 4 34 65 71 52 1 37 18 19 80 19 99 64 4 60 56 43 31 14 39 23 100 14 78 27 17 42 19
47 3 85 17 92 80 72 1 19 89 84 55 43 71 39 2 15 53 94 51 47 96 26 48 85 4 77 74 93 67 74 78 56 51 86 89 5 39 75 32 94 68 4 34 58 83 17 38 29 90 76 57 41 33 62 71 34 55 8 38 78 26 48 40 40 96 17 59 10 52 92 49 19 61 40
95 32 32 44 57 49 40 63 82 21 46 15 81 59 19 0 15 56 20 53 5 50 0 9 95 8 94 14 78 52 3 6 77 33 51 3 36 66 33 84 40 72 7 68 33 22 21 36 8 35 29 15 0 63 8 42 99 46 26 77 68 100 16 27 24 81 83 16 94 80 98 39 94 47 12
38 79 17 65 29 20 29 26 2 82 72 90 22 72 11 50 22 53 99 74 7 21 22 19 89 1 63 95 33 90 59 48 54 76 99 75 18 85 54 92 13 55 59 100 1 23 51 49 56 53 72 90 23 34 84 77 60 60 30 75 58 78 91 94 0 33 55 23 24 42 62 83 42 80 1
95 58 35 47 89 64 43 35 84 20 15 22 32 62 45 50 61 23 51 77 94 75 14 24 18 53 3 77 61 72 2 8 5 16 22 20 22 44 22 61 2 76 18 0 42 49 8 55 35 62 19 56 7 4 23 45 66 74 32 6 3 79 82 77 75 99 78 22 90 45 6 13 83 94 79
20 78 44 44 13 16 56 34 30 91 72 1 53 75 69 82 89 96 24 28 36 37 19 12 31 23 57 86 39 23 87 26 40 18 94 77 82 10 1 86 12 48 20 6 73 39 94 33 49 14 32 23 50 39 43 72 10 40 22 73 5 17 99 14 73 41 55 47 45 49 54 83 0 42 84
99 55 6 59 57 16 90 89 45 77 2 87 10 4 100 22 33 92 43 71 46 54 98 1 2 6 76 11 18 0 90 72 27 5 12 46 33 19 26 90 95 2 85 63 44 87 28 93 66 49 0 12 47 49 6 27 62 66 64 70 87 77 60 4 43 42 48 2 38 51 10 30 15 27 31
46 38 17 74 1 85 54 57 78 12 76 38 56 98 1 15 99 81 64 69 47 22 77 44 94 86 50 0 1 82 95 40 94 81 22 3 55 44 58 55 98 75 95 68 18 33 32 92 47 12 99 88 90 49 40 74 52 40 56 92 12 39 55 97 14 99 68 23 42 73 54 63 97 41 48
48 26 32 36 19 66 35 82 25 26 30 20 80 62 57 39 11 39 26 100 32 66 0 36 13 34 100 73 12 47 2 0 13 67 69 35 100 57 85 25 35 75 10 58 92 1 68 5 62 17 83 96 13 38 50 63 59 3 26 93 23 3 82 20 78 56 45 63 44 98 96 28 7 15 65
17 28 45 2 27 35 28 95 48 56 99 61 13 95 83 19 6 45 38 36 4 89 20 90 93 64 6 29 64 95 19 23 86 97 52 3 87 94 27 23 33 92 74 29 85 88 9 27 13 41 31 94 47 85 33 40 94 97 19 44 41 58 58 46 100 27 69 79 20 20 32 31 60 5 81
65 86 95 38 38 52 46 51 49 65 14 99 87 90 29 59 83 81 18 51 84 80 94 95 35 40 10 69 0 41 33 96 4 47 32 77 59 55 15 0 16 43 28 99 50 76 48 39 37 5 90 43 69 50 80 9 26 76 79 23 81 59 33 14 77 100 17 10 39 53 56 68 19 37 14
66 22 68 9 41 59 35 65 93 73 66 21 11 100 98 94 47 52 14 33 51 75 82 70 57 50 28 1 18 81 85 99 5 26 67 13 100 12 87 61 10 56 77 90 68 40 83 2 1 49 44 35 19 3 94 65 65 85 6 10 13 13 11 62 42 66 74 71 29 54 83 55 82 75 40
90 28 89 63 92 36 38 7 97 45 72 47 67 90 88 81 71 88 5 51 54 12 5 82 83 34 16 96 29 97 10 99 91 23 63 61 71 79 46 10 50 15 81 57 92 54 47 50 64 19 17 61 47 78 86 93 9 1 58 30 92 100 38 40 21 43 3 16 46 66 9 23 72 84 92
77 42 3 14 92 90 68 80 2 97 93 66 58 46 10 30 41 23 6 92 2 30 87 97 68 97 17 49 51 91 44 96 90 72 51 65 93 6 76 29 98 52 79 13 29 43 46 72 88 18 73 11 63 2 70 90 68 34 15 6 14 93 45 35 30 57 44 51 81 49 11 74 28 53 100
16 64 20 69 81 56 59 88 81 62 8 69 3 81 19 31 22 75 44 62 82 23 70 86 37 90 42 67 1 41 32 21 51 12 40 37 17 87 19 57 28 38 0 17 60 45 74 57 71 98 9 32 63 22 57 70 39 21 20 94 79 97 58 95 62 37 11 72 67 39 73 20 47 45 42
29 91 8 56 88 40 47 25 23 74 51 51 94 85 65 79 56 85 40 37 5 32 70 26 92 74 37 13 50 99 46 23 36 32 7 4 74 95 29 65 40 76 79 77 78 78 76 53 82 95 35 93 89 19 3 68 33 76 23 11 43 30 8 38 60 89 91 52 39 79 74 99 49 24 52
26 64 90 72 84 50 80 36 17 23 35 39 75 96 37 37 11 53 23 44 61 65 69 91 40 25 81 40 19 83 37 34 23 90 16 64 31 5 58 94 83 69 59 58 13 74 48 50 0 45 46 46 0 0 39 72 40 20 46 47 51 7 55 40 55 54 9 30 21 90 77 53 36 59 78
76 83 97 11 84 16 83 87 31 68 91 75 78 34 81 73 73 46 97 89 34 39 33 60 78 31 75 57 28 94 60 97 4 71 43 41 89 20 68 46 22 88 93 18 8 47 27 60 79 17 49 27 22 48 19 45 90 8 26 8 89 37 0 24 57 97 65 37 68 99 15 72 100 56 27
56 94 84 81 66 11 47 98 10 0 86 90 9 69 5 40 70 24 77 24 96 84 52 74 37 77 2 35 13 59 75 40 28 16 16 23 43 14 23 1 41 82 92 5 47 61 13 34 71 100 19 56 38 25 20 48 74 7 40 73 77 50 97 92 54 87 88 82 19 89 57 22 51 9 34
99 91 44 70 74 14 99 79 7 58 56 72 60 10 7 88 58 33 92 28 60 41 64 19 2 21 83 11 81 93 77 50 68 66 22 5 84 14 55 34 57 75 55 86 66 73 74 32 84 35 23 33 0 68 72 26 29 20 33 33 98 38 36 81 73 1 93 100 96 78 9 94 13 54 62
56 6 4 4 11 35 25 61 30 89 94 26 100 34 67 89 45 50 20 63 29 88 86 18 15 14 72 9 5 63 73 28 85 61 66 56 95 85 78 43 0 52 71 57 20 51 14 60 35 93 79 59 52 41 37 61 77 21 94 92 21 17 66 26 3 98 30 34 49 83 63 77 37 29 14
70 68 74 11 98 49 6 75 73 60 43 76 17 54 75 33 93 7 31 11 14 45 60 86 84 55 89 29 1 52 56 7 4 92 81 96 54 43 29 41 79 55 44 81 78 55 95 44 37 31 33 17 0 84 15 18 7 88 62 51 53 49 30 98 93 45 29 85 93 30 77 70 89 44 45
75 87 35 58 49 41 67 24 100 98 26 53 50 80 0 53 72 62 11 88 63 92 60 20 49 6 66 45 8 63 29 13 79 95 71 84 42 70 9 44 45 8 96 81 98 60 21 91 67 67 74 56 78 30 51 69 45 46 70 88 30 9 72 6 70 45 83 92 32 55 66 92 48 1 91
65 27 48 84 26 39 81 67 35 96 3 19 17 48 14 68 70 0 67 27 95 26 80 4 38 65 29 25 35 39 75 42 69 55 35 51 15 88 32 53 87 82 81 20 0 13 47 2 43 52 53 92 14 90 24 36 99 84 6 82 9 31 47 52 6 58 60 77 57 52 8 80 51 36 40
11 43 13 50 10 25 53 91 77 62 66 3 62 52 37 52 54 13 8 41 61 3 12 67 67 66 90 33 38 87 60 100 48 76 7 36 61 67 20 17 99 40 79 21 23 41 51 82 0 49 38 0 0 42 45 46 29 15 86 53 42 47 65 16 10 51 9 4 45 23 36 97 63 97 74
48 23 75 20 62 89 65 51 62 93 60 80 60 77 65 46 6 83 99 46 92 78 19 24 98 90 84 5 21 3 44 69 21 28 13 12 43 20 57 11 30 91 75 49 84 95 71 82 22 69 32 17 14 78 71 66 80 17 1 27 39 73 72 59 60 64 36 39 50 63 69 57 58 34 100
95 34 22 5 5 38 95 26 45 29 83 8 20 74 83 62 3 63 83 57 32 55 82 45 28 0 55 94 15 83 57 61 25 26 65 71 69 36 59 6 93 31 65 48 64 58 77 9 23 8 27 58 6 39 14 94 9 19 5 67 28 74 9 62 68 88 37 92 55 77 71 10 63 9 51
82 84 85 59 50 72 98 7 12 96 97 86 79 21 51 8 12 70 52 51 60 12 46 67 87 73 53 50 95 26 60 62 36 46 14 7 90 22 33 63 42 58 41 8 54 91 60 27 75 68 95 56 27 62 71 46 9 39 75 26 26 30 2 11 88 38 87 20 69 68 78 24 13 41 4
39 48 47 35 17 36 64 66 80 70 39 52 48 91 51 87 19 76 45 39 9 7 50 45 7 34 99 53 73 73 64 86 25 40 100 71 84 93 65 62 15 53 85 19 86 11 47 74 10 8 59 86 22 21 20 28 66 26 60 93 35 12 80 34 4 33 18 75 45 28 86 90 19 53 20
99 4 22 12 75 88 0 60 92 2 29 100 87 19 46 73 74 33 83 64 77 23 17 51 29 39 68 85 8 32 44 27 93 23 16 71 22 53 19 78 44 43 54 76 80 67 5 58 8 27 79 9 3 49 9 4 6 49 14 4 60 78 85 36 60 54 2 74 87 3 51 66 84 33 50
95 24 20 83 7 62 85 12 35 2 72 21 78 29 73 47 58 98 12 79 10 18 84 87 35 9 38 26 80 7 5 64 60 72 65 12 2 100 93 80 66 18 28 69 48 97 37 88 85 14 43 83 19 21 1 67 30 4 97 74 40 1 38 72 78 69 3 65 82 57 58 29 57 41 73
49 84 18 18 0 52 51 14 92 19 60 5 94 75 54 52 62 29 72 75 0 87 64 6 72 25 68 48 63 65 11 39 7 70 30 62 11 28 16 95 79 100 73 39 74 25 80 28 38 29 43 35 52 76 39 51 21 35 93 83 61 77 65 24 20 34 25 36 79 100 81 19 28 30 90
91 81 72 40 78 16 56 28 100 38 72 57 1 87 93 9 17 71 47 28 90 79 53 56 4 39 57 21 74 68 38 4 2 78 93 60 46 69 23 12 15 73 48 73 7 99 23 68 60 41 95 15 61 91 68 74 84 16 58 1 87 22 33 65 56 56 20 39 98 82 14 41 73 81 38
39 14 0 46 63 49 76 18 88 55 23 12 17 44 20 23 35 53 58 30 84 28 13 100 7 66 18 93 18 73 58 81 82 3 79 10 37 1 55 15 24 79 8 36 37 82 80 53 42 16 50 26 90 98 77 4 94 96 22 77 74 24 88 11 10 38 55 21 90 59 7 38 90 87 23
93 33 5 77 80 82 60 12 83 89 94 100 79 54 70 49 66 95 23 58 24 67 100 87 54 67 93 27 87 31 24 98 48 11 15 69 64 76 32 56 74 2 98 56 46 67 54 96 79 89 16 85 51 69 27 87 23 83 76 10 1 28 76 4 78 7 92 70 40 1 84 26 61 93 25
2 31 88 62 12 12 52 19 28 59 38 68 74 65 91 41 30 99 7 40 79 19 93 81 45 88 80 53 79 39 100 94 34 1 97 39 91 79 83 2 38 30 77 1 100 57 25 36 84 75 1 1 1 21 34 69 24 26 63 65 36 40 74 11 8 1 96 81 11 1 71 94 74 33 54
1 33 77 8 27 32 46 30 1 46 15 64 56 53 96 31 6 74 1 61 28 36 51 35 55 45 14 33 43 46 24 70 19 40 78 15 58 18 58 75 79 29 84 5 65 65 66 93 46 93 62 13 39 57 85 69 94 84 90 55 61 8 8 14 54 82 35 100 39 65 43 37 17 83 36
50 20 85 8 69 92 64 15 0 96 30 60 41 82 64 87 67 65 12 5 99 81 53 26 23 40 86 21 29 72 95 9 90 99 43 3 91 59 97 55 36 12 89 64 16 99 45 21 84 61 32 81 39 59 1 48 16 59 62 20 58 73 84 81 60 76 28 10 11 40 11 78 38 83 61
72 98 94 88 50 63 6 21 30 81 71 60 15 27 34 70 21 7 68 89 2 27 31 16 23 64 75 43 81 87 14 66 38 37 52 78 53 30 14 19 93 35 40 25 4 16 80 20 29 32 40 47 22 47 63 20 48 93 70 76 65 75 86 28 20 16 7 70 85 76 32 23 8 52 34
40 0 74 38 95 64 22 22 37 75 26 28 86 13 78 39 3 62 2 74 27 61 69 15 48 71 25 42 65 89 76 41 94 5 61 8 23 73 17 44 21 13 45 72 89 47 94 30 63 71 38 54 67 49 90 85 65 20 15 37 93 19 100 3 11 96 52 63 71 55 71 34 44 42 65
100 8 37 90 4 63 43 99 20 23 83 85 89 99 71 43 4 60 11 40 36 83 4 56 36 61 99 60 100 77 21 10 95 97 6 51 33 41 100 16 82 79 99 92 71 9 100 22 63 70 57 68 96 0 2 15 81 52 53 55 9 77 59 23 27 88 52 51 68 8 5 9 80 78 83
46 66 24 27 61 50 5 38 53 57 49 92 91 83 81 58 100 45 4 82 61 24 85 53 81 28 47 74 65 37 15 58 37 79 78 20 2 7 97 23 25 3 26 21 59 18 30 30 13 8 36 34 16 70 37 33 92 4 1 65 91 82 61 67 20 52 78 52 37 42 90 35 8 65 86
59 16 61 40 44 20 5 77 67 95 96 95 2 54 15 29 31 6 61 57 71 14 89 47 29 21 97 65 87 25 36 97 64 56 32 90 45 53 85 57 40 22 84 40 68 6 60 90 56 51 14 91 86 28 0 17 12 18 28 45 80 17 95 4 16 47 70 11 78 36 82 9 5 10 7
44 94 18 24 13 1 67 17 64 84 34 12 67 98 71 94 44 43 94 59 23 80 74 8 60 1 30 79 34 55 50 69 18 14 2 48 86 51 14 71 87 67 39 85 28 100 83 98 6 62 67 31 0 41 37 83 3 29 52 65 13 66 1 38 6 2 44 13 42 32 0 100 36 85 66
45 40 85 73 21 71 45 77 48 83 60 52 57 79 6 60 27 74 38 93 2 30 15 41 45 2 37 3 71 61 76 79 90 69 55 5 69 72 7 47 78 55 96 65 60 87 4 57 1 100 13 23 46 93 39 41 62 16 69 56 100 20 76 30 59 76 41 61 80 3 70 77 45 90 11
93 77 69 19 95 87 96 50 26 12 9 67 24 25 27 28 10 42 61 13 58 26 64 32 39 69 13 90 27 53 4 98 1 29 84 45 57 31 8 59 22 69 46 48 98 98 15 15 55 46 0 37 82 53 94 75 34 29 8 60 44 10 89 74 55 100 11 13 92 35 32 25 10 59 43
14 73 55 50 21 10 26 92 85 61 23 21 10 21 80 20 71 87 25 86 57 61 89 92 61 10 19 37 91 21 75 31 20 96 5 89 27 4 55 88 12 25 70 51 97 33 13 99 73 31 68 61 100 41 20 52 66 25 65 68 20 50 24 53 14 77 97 8 61 72 63 50 61 56 25
75 57 78 10 17 31 5 40 62 97 87 20 47 51 73 100 39 68 7 26 43 44 33 22 69 72 6 48 34 87 69 4 70 83 67 43 55 23 25 45 4 86 90 73 58 0 81 51 20 35 74 41 37 55 51 82 85 11 75 94 49 94 5 45 55 20 21 34 75 81 40 40 40 20 45
39 6 86 15 80 20 19 71 78 80 77 39 82 87 7 55 79 41 9 47 20 58 100 56 14 74 16 34 56 36 68 89 39 98 0 84 59 9 47 5 90 3 85 50 81 2 72 21 75 77 94 54 78 67 83 16 81 91 90 57 32 23 87 4 77 17 92 32 8 34 89 55 16 70 85
44 55 7 73 86 27 10 62 56 75 21 75 93 44 84 90 73 34 49 31 38 25 0 21 78 69 29 7 34 74 16 90 62 67 95 74 52 37 14 6 70 5 45 42 57 88 72 99 76 78 52 58 89 72 34 48 27 49 22 55 32 49 68 53 0 32 34 68 85 30 90 29 24 43 73
90 80 67 41 38 15 8 93 75 74 9 80 9 44 52 18 44 55 94 80 100 60 20 16 81 68 65 72 80 82 1 89 79 7 13 50 87 96 10 34 4 66 75 74 87 17 26 84 38 52 45 56 32 39 57 53 73 2 98 39 68 91 96 2 78 34 11 3 82 55 61 33 41 31 40
47 11 32 12 14 66 100 72 61 15 95 96 75 42 98 42 6 29 15 17 39 22 17 94 88 21 81 47 62 9 0 80 43 13 35 93 20 44 39 59 95 59 70 61 61 74 47 40 37 95 53 15 97 60 23 59 14 46 9 91 59 70 49 21 99 5 17 4 80 30 22 98 87 67 82
36 1 46 100 94 84 35 82 12 34 11 21 45 9 8 9 32 17 42 61 77 30 43 62 32 10 40 61 9 24 33 87 93 96 58 100 16 17 55 7 61 51 80 48 92 10 63 78 71 97 94 66 76 27 0 36 100 5 77 12 50 19 85 62 86 73 27 80 76 41 25 72 81 32 84
67 11 64 61 85 66 38 84 91 42 44 26 82 43 44 5 100 73 35 50 33 22 1 79 54 2 72 91 3 54 4 96 43 99 96 51 45 96 23 57 30 11 6 30 18 13 44 35 29 62 12 76 60 61 70 20 4 70 53 0 35 87 97 7 96 23 33 52 56 59 71 36 91 75 42
33 62 38 41 76 59 66 53 60 85 16 56 77 24 63 28 27 99 31 90 11 51 41 3 34 88 66 7 31 57 43 18 71 61 77 13 34 96 100 95 88 77 9 79 5 11 86 1 38 29 75 9 90 76 20 22 76 51 54 1 91 48 16 79 91 30 71 2 90 5 48 58 25 4 3
76 26 44 18 2 80 63 63 9 92 26 86 75 99 80 88 23 32 26 56 6 93 57 100 37 47 31 6 5 90 76 54 39 98 93 74 76 37 2 2 37 84 11 14 96 41 45 42 8 14 86 12 42 83 3 89 3 27 81 65 6 88 92 97 33 28 6 0 96 27 70 49 53 9 75
17 5 48 37 90 92 84 18 93 39 25 92 74 37 70 25 17 53 77 93 61 16 90 89 53 68 89 22 13 23 35 84 36 81 24 84 22 57 27 22 48 15 40 71 81 65 88 68 6 41 82 38 35 61 38 23 42 61 22 14 86 97 68 35 87 46 18 55 52 36 62 56 11 38 65
76 9 69 58 26 100 81 18 46 77 11 55 80 48 48 56 28 25 51 2 31 7 73 75 35 70 70 21 43 24 33 71 59 66 21 51 85 3 51 63 7 60 37 71 83 89 7 63 40 29 22 83 2 24 87 41 1 92 2 7 29 50 99 25 70 93 81 17 90 44 40 20 28 92 90
26 53 7 66 8 54 81 38 27 36 34 40 85 80 71 55 51 22 96 80 18 58 82 89 16 50 17 6 54 51 18 38 32 3 33 11 68 46 29 8 18 19 58 28 39 99 40 11 60 46 97 17 56 9 97 52 89 85 64 98 56 30 82 2 76 4 40 83 4 77 53 32 10 19 29
73 63 74 39 58 70 83 37 72 14 41 86 25 94 97 9 35 90 48 39 51 19 96 19 98 66 49 100 24 29 16 90 22 2 13 97 77 58 93 97 32 25 31 68 79 86 50 38 68 81 80 36 34 63 46 71 30 12 2 12 14 38 9 60 50 91 56 98 79 70 85 99 72 95 68
53 49 36 8 58 61 5 59 15 93 84 2 10 55 73 40 92 16 60 6 95 100 48 89 88 40 76 89 9 28 76 77 94 81 2 49 87 100 49 83 66 48 38 82 10 16 59 21 49 37 3 10 85 1 66 1 92 57 55 65 37 19 42 66 11 10 86 7 21 81 17 5 33 89 1
16 27 56 47 25 36 25 94 27 68 66 24 37 75 58 30 37 29 49 44 87 14 89 25 75 71 93 97 15 13 56 48 38 53 44 58 72 64 51 24 93 44 98 49 78 58 7 57 35 18 5 80 72 26 46 15 61 37 33 6 33 18 25 76 82 17 14 94 98 75 13 6 46 99 0
55 86 99 32 46 75 2 39 0 43 100 36 11 73 94 35 64 5 92 67 96 99 5 80 74 79 97 7 30 87 3 30 50 64 77 94 20 15 63 92 67 83 18 44 95 21 83 79 81 29 57 32 100 36 26 89 23 66 57 2 36 25 16 3 23 76 29 42 6 69 85 50 75 43 10
42 7 82 36 55 6 1 56 84 13 47 48 38 64 3 68 21 16 98 88 7 31 75 52 46 58 24 23 28 2 17 35 84 24 2 57 38 29 35 33 36 58 49 60 24 43 15 10 53 8 47 5 3 83 33 39 41 59 5 5 5 58 92 100 35 99 6 53 13 72 19 31 17 88 25
28 83 3 97 52 18 3 59 4 40 11 57 31 1 38 4 72 24 78 79 90 62 55 97 1 49 58 92 18 42 2 4 3 56 95 41 87 65 32 45 63 93 70 73 34 37 92 44 82 43 77 69 0 25 96 67 26 100 22 80 62 55 35 88 69 63 74 36 22 59 44 0 45 10 90
33 82 25 43 100 94 84 81 7 40 9 70 10 11 89 29 57 42 20 69 22 2 99 43 52 79 38 47 28 81 61 2 63 7 46 16 96 39 24 72 12 84 67 81 88 15 8 35 90 76 50 92 69 13 12 96 17 55 81 23 18 48 22 17 5 6 40 95 44 38 71 73 3 9 14
67 77 29 31 77 85 91 9 28 22 56 52 0 37 80 5 6 40 76 99 68 33 2 50 5 51 97 82 87 65 50 44 19 31 54 44 47 37 26 54 19 83 28 21 66 38 63 79 92 53 63 89 25 65 39 43 19 24 67 49 73 8 57 82 97 14 0 0 6 17 15 19 31 83 74
19 76 1 27 25 55 92 76 89 48 68 4 56 11 64 2 60 80 46 9 22 79 77 35 61 49 30 8 83 62 4 14 93 24 39 33 48 39 96 80 81 4 42 39 25 55 22 50 100 95 84 72 42 16 97 63 69 33 96 55 38 34 78 89 95 98 90 13 96 0 25 63 28 62 62
62 2 12 65 88 31 81 92 54 35 9 85 59 44 100 74 85 26 29 96 8 100 77 42 66 2 58 67 44 6 57 70 99 88 98 5 85 73 10 64 36 75 96 94 26 42 100 25 88 25 71 71 98 51 96 100 61 48 9 34 23 81 33 68 94 32 44 13 91 21 63 56 54 9 11
12 2 99 18 88 27 85 15 51 57 63 75 99 31 97 17 25 85 65 55 89 40 67 1 67 95 73 8 95 100 24 36 85 98 14 88 92 74 57 87 77 47 77 39 76 18 34 84 39 54 56 19 81 11 11 69 37 74 28 94 28 10 81 84 36 6 5 48 23 65 92 37 34 67 58
19 40 13 67 0 66 22 34 54 27 38 33 41 2 85 94 53 28 48 84 95 82 83 11 100 77 85 94 91 81 23 56 45 48 90 96 84 100 50 1 59 68 12 87 85 62 32 70 17 15 80 58 46 79 84 69 56 99 20 26 20 0 6 3 65 73 30 65 8 79 64 71 56 14 99
75 28 90 98 45 9 65 70 70 93 76 38 44 70 61 87 91 80 50 20 11 36 28 38 68 19 49 8 18 28 10 45 48 49 9 56 27 23 77 49 95 60 18 39 13 75 35 54 25 11 86 62 35 100 20 42 93 58 34 39 88 58 9 15 36 97 79 74 54 73 55 3 54 17 8
88 23 87 13 60 95 62 93 48 56 67 62 49 46 56 13 19 37 96 8 83 41 6 65 59 28 97 56 39 41 41 39 83 28 66 49 54 23 87 82 19 86 49 50 55 52 20 45 14 74 52 81 99 70 99 86 67 16 41 91 11 27 92 27 82 74 68 6 77 80 17 47 62 85 87
57 72 48 92 66 44 8 61 88 1 44 85 91 26 67 71 30 76 41 16 57 25 2 16 29 74 56 72 83 5 40 24 29 9 86 14 22 16 63 72 81 23 99 65 22 42 61 14 78 39 51 68 45 37 66 30 10 83 4 63 64 100 10 18 5 26 2 9 87 44 95 40 79 23 75
97 68 23 9 87 78 0 71 38 43 63 1 27 40 46 49 12 44 91 85 45 14 45 62 28 39 21 53 96 19 36 32 19 16 56 6 69 51 24 72 54 86 10 69 90 1 65 58 89 45 56 12 98 70 60 59 92 58 9 82 48 24 77 80 50 98 21 81 13 15 26 58 34 91 11
71 50 4 77 11 1 78 0 50 27 92 58 2 4 7 8 97 63 30 88 17 100 32 39 86 23 18 45 57 85 39 47 23 30 87 28 71 90 55 12 57 81 5 84 48 46 74 71 81 72 96 61 57 20 5 1 64 11 87 38 38 29 63 25 45 88 31 77 59 83 10 94 86 73 0
80 88 12 73 89 19 66 79 90 92 96 62 37 89 21 42 63 37 65 8 100 29 65 2 98 11 21 58 72 62 61 47 37 44 29 26 92 90 3 0 58 35 32 52 26 74 5 33 81 54 3 73 25 38 35 20 72 0 71 43 49 96 23 100 64 17 47 20 13 94 38 75 100 1 33
10 74 37 43 4 12 85 39 79 20 39 91 29 61 9 89 33 51 0 23 58 26 98 12 51 66 34 46 59 10 41 99 76 7 70 8 54 48 39 52 56 43 14 12 88 9 29 3 14 91 1 24 71 28 42 55 35 75 77 51 38 47 27 64 54 53 5 57 69 27 51 12 89 52 83
44 100 24 86 76 66 96 6 58 1 21 76 77 34 12 81 11 60 22 97 51 21 80 22 56 94 31 42 84 0 71 61 1 14 81 58 45 70 61 74 60 94 29 63 80 93 57 100 73 55 100 50 68 55 27 59 56 29 53 81 42 39 95 78 66 90 42 68 78 12 30 73 19 92 21
49 7 47 16 6 73 58 84 39 93 62 90 72 25 70 37 90 90 87 22 76 68 73 57 4 30 49 64 66 6 62 37 14 0 100 62 0 61 68 43 20 64 60 75 33 57 62 4 0 96 56 50 19 18 26 87 2 68 57 95 42 93 81 92 89 95 77 61 38 48 31 67 64 66 60
81 83 8 47 77 48 5 70 38 54 8 22 62 83 13 63 69 27 42 37 69 93 66 25 49 99 73 68 65 60 23 35 95 14 73 65 17 88 17 27 34 38 30 43 26 59 56 62 23 14 18 10 77 67 25 82 49 16 88 30 66 34 81 39 50 62 10 76 18 68 15 77 67 3 70
19 8 78 75 36 39 13 74 42 36 15 35 74 42 74 5 98 29 54 98 66 36 75 21 38 58 34 12 87 43 62 72 89 40 73 52 84 88 33 32 56 0 13 16 89 84 93 72 74 29 86 11 65 33 43 78 88 47 95 25 52 47 46 28 48 31 31 65 50 7 51 37 24 79 43
33 29 9 18 94 73 81 42 33 4 4 82 22 77 10 63 80 96 3 94 22 69 24 6 8 97 37 11 26 90 17 44 19 58 24 96 16 71 87 14 72 47 93 61 30 66 18 73 23 11 98 6 96 24 27 62 60 0 9 56 52 33 4 43 21 43 72 76 47 46 66 40 61 8 1
64 24 93 21 28 50 42 71 1 80 76 55 79 25 25 59 19 66 37 71 21 82 84 21 42 54 95 68 88 88 35 62 72 7 37 87 91 56 24 75 85 38 53 98 51 69 98 90 40 73 57 100 94 69 67 9 52 100 44 62 21 23 77 50 79 34 100 16 31 6 52 96 44 10 14
12 96 29 47 19 68 56 79 75 10 27 7 88 41 52 15 14 55 20 44 96 51 37 84 69 26 49 86 69 18 78 99 13 25 88 9 60 13 100 43 7 95 87 32 69 66 39 22 22 80 25 53 48 42 20 77 84 91 23 24 99 58 64 52 36 24 54 54 92 10 54 52 57 93 25
67 76 59 64 96 51 65 66 16 3 65 82 60 85 11 9 64 72 24 36 37 32 40 45 89 40 45 38 68 56 48 41 24 26 41 90 76 5 20 70 30 30 83 98 52 60 49 44 72 70 76 27 0 85 94 11 25 25 57 61 94 39 18 81 12 1 64 61 60 93 68 22 33 2 46
66 96 2 99 89 37 86 22 5 74 88 84 98 13 4 96 0 61 8 34 64 22 66 28 40 67 0 60 17 91 0 98 97 59 37 21 52 54 64 77 90 0 63 71 34 93 93 69 70 57 22 57 88 68 86 50 22 95 32 61 15 53 41 13 65 18 84 89 38 82 57 59 32 13 26
9 1 30 37 33 17 20 81 55 43 94 49 40 59 97 29 66 48 64 35 63 17 29 49 48 83 13 30 18 77 51 49 56 33 6 51 49 68 74 69 55 31 1 35 83 51 5 59 16 49 14 39 52 90 28 23 99 94 85 53 3 43 22 30 5 83 97 42 11 16 70 92 85 63 70
65 27 64 45 7 0 79 62 74 41 85 25 50 84 56 38 86 64 45 14 51 9 77 78 16 2 28 81 64 68 81 9 50 43 98 29 7 31 76 96 90 60 48 25 27 63 29 62 25 58 51 74 62 20 1 14 46 44 47 38 69 22 34 59 89 58 28 17 46 26 80 50 21 60 22
85 65 95 82 63 73 68 72 89 92 61 55 5 76 44 60 34 33 41 65 61 59 68 48 44 38 96 34 51 14 68 33 26 48 22 23 22 11 83 3 66 59 76 9 41 79 8 18 66 28 30 49 42 5 63 79 64 8 58 23 98 6 20 32 47 3 36 61 2 15 38 23 86 87 95
74 77 0 97 42 24 16 67 55 53 27 19 61 67 67 49 20 70 73 4 69 47 37 6 26 80 86 56 73 70 60 28 89 84 64 87 50 17 78 31 43 61 36 78 4 69 94 93 90 48 8 1 90 57 35 11 51 96 44 67 71 81 89 58 70 11 81 98 91 13 78 10 58 55 83
70 90 31 98 45 45 13 81 18 37 59 27 58 77 31 90 54 36 37 75 87 11 74 63 38 92 85 52 11 30 78 39 73 10 50 59 48 90 41 69 19 89 5 67 3 93 58 25 86 13 16 44 51 61 49 60 83 6 76 21 76 26 53 72 50 2 45 11 63 47 55 72 91 36 38
6 37 82 20 74 21 9 29 0 25 20 76 13 77 85 37 44 49 3 28 26 28 52 51 91 31 71 27 36 24 23 76 6 82 20 28 37 62 8 17 31 95 27 71 81 66 78 8 54 5 73 40 87 14 44 55 12 75 41 92 78 20 98 84 86 96 79 93 99 62 45 73 47 76 25
18 42 98 86 44 74 72 36 90 31 97 40 84 56 100 57 40 28 4 35 94 88 33 89 74 43 19 96 17 15 36 63 31 91 22 41 58 98 77 27 47 96 70 26 42 19 19 63 74 43 86 25 39 21 43 59 75 92 66 29 86 56 16 50 12 66 25 49 76 26 90 46 17 84 31
72 67 82 70 88 12 80 71 58 72 91 93 81 32 40 63 7 56 86 2 24 26 26 45 83 11 29 22 62 60 6 6 86 35 22 63 75 65 22 21 21 96 6 60 80 63 24 65 20 18 56 37 59 26 47 98 53 17 5 46 41 21 72 14 82 18 42 3 61 95 66 35 30 42 55
81 87 65 79 76 67 17 58 29 91 73 62 15 42 24 33 21 94 87 46 79 2 28 56 36 100 47 75 39 52 81 3 83 52 36 1 6 0 57 5 34 72 1 88 32 100 50 21 56 2 83 15 96 62 95 94 72 93 35 8 75 24 3 75 57 10 75 16 77 59 56 15 78 48 32
41 75 39 61 57 84 3 12 7 76 70 36 63 53 33 78 92 68 82 21 19 61 72 12 4 48 71 7 51 99 52 75 9 45 29 100 65 78 30 1 9 5 48 67 35 59 73 43 14 29 47 37 74 44 4 96 0 35 27 35 45 100 4 31 99 61 24 1 87 61 55 57 6 41 50
33 39 61 100 8 13 31 13 79 18 88 63 51 71 23 51 75 53 58 98 61 65 60 30 89 73 89 2 90 35 86 1 58 69 2 31 76 75 12 50 51 96 39 55 28 57 13 41 72 85 72 74 44 96 87 57 21 83 52 52 27 19 83 59 21 98 43 93 44 24 45 25 7 76 67
82 53 98 50 60 73 14 33 61 15 42 28 34 26 65 95 46 16 22 84 83 46 51 69 83 50 33 66 42 11 79 44 22 98 93 33 78 18 21 73 42 81 26 85 43 46 19 76 37 55 72 43 48 94 10 88 55 7 29 3 96 59 85 93 94 20 32 25 16 73 8 55 82 51 55
72 84 61 45 14 93 94 46 31 67 71 10 5 23 94 71 15 8 19 76 73 10 79 27 28 2 92 45 14 99 47 83 9 30 85 9 55 22 49 38 86 75 87 55 17 95 18 27 34 67 7 66 8 17 23 34 14 24 44 21 79 93 36 7 71 36 39 85 66 44 12 27 87 43 79
80 24 80 79 55 14 52 90 3 59 35 34 52 38 80 46 30 71 38 20 27 33 46 50 25 21 7 98 64 66 86 63 24 60 1 62 7 53 57 79 80 44 48 63 2 56 39 9 33 1 18 93 40 2 37 7 44 70 85 47 37 47 74 1 50 64 18 91 2 65 8 3 44 39 16
45 12 42 64 84 100 87 80 54 27 5 96 83 1 52 34 65 6 14 51 77 81 2 52 28 6 16 61 94 55 58 10 87 60 77 96 51 78 2 55 52 67 92 12 16 28 35 26 27 43 50 53 55 68 48 31 73 64 68 42 81 84 78 87 54 64 91 82 11 86 94 5 60 57 91
47 85 72 27 12 62 27 66 39 97 35 62 75 98 38 9 19 27 37 74 12 13 23 9 85 86 81 2 40 37 99 24 56 37 51 27 85 13 27 74 19 99 24 90 31 41 57 62 57 99 5 61 70 16 77 82 6 64 76 87 27 30 83 70 29 17 30 38 24 54 30 22 6 13 15
9 62 54 92 58 89 59 1 33 35 37 70 31 53 40 83 88 83 94 11 16 84 59 3 33 31 57 77 24 55 39 29 35 83 28 11 42 4 77 29 82 54 0 74 27 31 23 91 76 44 57 42 8 37 80 19 33 17 92 15 32 8 34 77 23 77 45 1 46 1 80 94 74 21 80
69 52 45 68 69 37 30 83 14 83 85 36 46 24 82 51 91 49 76 16 31 25 0 54 1 75 64 46 83 24 27 39 51 43 45 99 39 16 86 11 2 29 75 92 33 52 66 22 65 72 76 62 37 65 21 31 44 48 57 67 73 53 59 54 13 26 7 31 65 42 27 52 92 29 62
47 73 37 74 4 24 97 61 11 41 48 98 79 51 9 74 60 72 57 13 48 52 83 57 3 77 78 10 89 69 34 37 57 14 49 19 54 18 2 96 77 87 12 4 27 41 21 71 51 62 33 43 87 44 5 2 6 85 87 86 58 16 14 51 45 13 1 10 67 69 7 9 58 84 95
59 86 41 57 50 14 31 84 56 12 78 83 57 93 85 59 44 41 78 74 58 73 21 55 9 39 22 31 5 87 54 69 6 44 36 36 56 84 14 67 77 6 80 84 95 63 60 87 93 92 8 62 86 27 70 90 44 17 24 5 56 66 65 49 41 3 15 97 78 16 51 96 60 36 80
64 79 74 66 70 76 55 38 30 77 18 76 68 37 17 35 84 68 17 25 48 68 19 22 96 6 5 71 37 55 14 41 8 9 17 53 58 14 91 48 75 91 24 38 80 95 61 49 56 55 49 5 76 81 19 95 21 10 4 64 16 44 10 44 83 29 3 9 16 45 91 84 100 80 92
1 78 4 20 60 43 80 30 46 13 25 7 49 54 12 52 71 23 43 75 82 88 60 18 58 66 81 17 22 16 73 84 82 56 95 82 68 88 72 16 66 17 14 92 41 46 33 84 64 95 74 63 62 93 98 22 70 8 7 6 3 57 93 65 57 17 98 88 74 6 35 39 60 23 41
58 55 87 3 88 89 81 40 75 96 81 13 78 32 3 45 30 37 3 54 84 40 33 33 36 28 35 32 12 40 88 66 80 22 10 36 99 99 97 4 10 100 38 3 31 87 25 5 96 100 100 25 55 73 78 59 53 51 79 45 26 17 78 54 33 1 22 75 69 97 75 96 32 32 28
74 5 43 41 42 66 25 96 81 1 0 33 18 69 73 76 9 97 75 84 87 33 16 69 53 72 41 47 88 97 20 24 28 5 67 44 32 65 6 52 26 37 84 69 96 31 66 54 32 50 18 4 72 69 3 50 69 53 1 58 73 82 95 32 84 14 100 44 30 35 88 48 83 16 66
88 8 16 50 24 73 93 53 93 94 63 13 83 0 16 73 11 88 36 49 75 39 21 53 33 11 22 21 12 37 70 94 35 58 57 78 94 83 61 6 12 15 4 37 95 12 46 2 93 99 7 22 35 93 79 70 34 76 79 89 66 23 57 20 53 95 97 87 28 1 93 6 1 80 38
41 78 25 29 76 37 19 78 17 98 21 12 12 22 10 96 44 76 100 12 2 54 64 61 18 39 1 31 24 44 72 27 64 53 20 78 8 8 16 91 0 34 14 92 2 93 13 8 81 74 67 17 67 13 72 75 41 99 76 95 16 88 14 99 38 38 97 25 44 51 85 15 79 11 71
13 31 21 96 46 80 21 71 48 3 24 71 4 82 85 65 71 99 0 89 31 80 79 73 3 75 20 49 18 40 36 5 20 84 39 15 25 74 68 73 58 14 35 5 53 4 68 9 59 14 62 49 74 30 25 5 64 11 18 5 25 43 17 80 65 17 28 33 9 30 70 96 32 94 87
29 57 76 45 85 89 48 97 21 50 25 12 1 6 100 92 39 93 74 66 26 70 87 20 91 75 32 15 7 81 49 47 80 62 38 27 7 9 68 34 61 23 56 74 59 71 79 64 75 19 80 33 25 87 38 63 76 9 72 4 6 64 66 58 90 68 26 0 38 31 100 61 94 46 69
8 74 90 88 38 12 67 63 40 61 27 33 74 62 83 44 15 3 100 15 55 34 16 96 30 45 79 18 89 80 69 53 86 17 25 33 73 52 97 70 4 57 7 7 67 65 63 67 67 70 99 37 60 48 90 82 10 45 42 7 83 31 15 72 95 10 55 20 27 32 13 61 71 17 25
27 37 46 9 95 37 60 88 76 2 79 31 98 94 3 61 75 84 13 6 0 34 98 90 50 73 94 45 11 81 31 16 90 3 54 2 5 70 11 57 13 23 95 69 20 2 22 10 26 51 31 77 0 20 94 56 85 85 26 36 53 82 9 60 90 63 43 10 54 100 41 9 96 33 40
58 23 6 53 0 86 34 49 6 44 33 68 25 68 52 77 68 53 28 3 28 67 7 29 51 42 68 67 85 72 70 86 65 22 16 46 43 41 49 11 93 73 51 88 33 55 28 48 99 23 37 92 90 10 80 68 38 7 47 15 2 56 64 52 80 94 90 46 29 91 89 31 35 34 44
38 33 93 28 90 16 35 81 69 84 47 90 32 23 73 100 14 95 54 71 40 16 68 94 41 16 4 93 88 31 4 64 59 83 62 73 84 22 67 78 39 58 77 36 0 30 86 99 20 12 67 48 83 32 1 79 47 90 9 99 66 38 34 60 3 15 42 45 84 95 8 8 16 96 39
34 83 93 84 35 98 76 69 60 53 96 80 52 23 50 54 54 47 18 96 43 85 78 15 38 26 39 78 2 57 76 59 61 8 0 65 1 99 73 68 49 79 15 30 35 81 83 9 27 60 38 54 80 58 6 28 77 49 72 63 29 43 34 88 66 74 69 66 71 63 11 76 81 54 84
49 61 21 66 69 62 75 11 92 58 46 75 42 50 18 48 51 14 89 48 3 26 3 28 46 79 58 29 1 42 40 59 80 56 3 95 56 52 35 12 38 10 66 29 55 36 20 51 23 12 68 11 100 4 36 12 35 86 28 3 47 95 95 94 15 46 6 64 0 57 40 86 48 77 75
26 39 96 31 32 81 57 91 76 91 4 40 24 75 92 100 87 84 34 84 89 47 56 100 96 46 87 83 78 25 47 34 12 28 74 31 84 47 36 37 87 75 73 98 64 52 51 94 28 80 97 61 13 100 7 92 66 59 85 54 94 100 81 86 48 81 16 84 53 88 91 77 93 20 78
17 72 0 82 98 25 92 76 86 29 70 13 36 2 4 21 53 21 37 70 27 12 23 48 7 89 77 72 100 60 38 54 25 76 23 19 14 9 6 82 4 88 25 99 30 77 74 84 57 23 15 39 87 63 47 80 28 89 76 80 10 64 51 13 87 13 37 53 95 1 67 82 48 90 34
88 90 50 77 85 86 2 32 3 74 19 25 33 3 39 78 30 62 12 25 9 1 5 38 6 73 51 84 75 79 67 90 90 89 84 24 3 37 71 49 42 1 70 82 59 5 59 39 52 73 68 24 35 10 1 13 65 86 30 42 20 19 88 63 63 8 9 33 17 87 27 22 95 76 71
32 59 1 11 2 96 99 48 20 78 42 42 41 24 26 17 68 56 47 47 96 92 26 61 31 53 97 100 81 6 10 15 74 25 86 19 37 100 55 6 87 3 19 82 20 18 2 39 16 78 3 86 37 23 91 24 5 16 52 13 68 73 80 71 12 38 71 7 0 8 70 6 74 61 23
35 99 97 72 100 78 82 39 15 58 2 43 79 20 77 42 8 45 50 41 57 9 90 56 98 46 73 10 59 70 45 83 54 40 64 8 65 9 28 62 60 92 26 80 73 74 13 26 28 54 67 11 95 99 1 21 49 85 42 44 64 31 11 99 53 45 74 61 43 8 7 53 67 13 66
79 73 26 44 21 94 96 98 96 80 92 8 62 71 70 44 17 27 42 4 87 77 85 93 76 88 90 11 96 87 48 39 53 4 48 94 5 89 79 44 61 24 85 76 14 100 36 89 81 0 22 23 25 15 96 53 1 24 71 46 98 26 20 93 25 27 75 95 16 66 50 1 56 65 35
96 63 37 96 65 73 13 79 35 32 95 89 76 15 40 94 89 95 97 77 45 52 40 97 88 29 92 48 46 37 13 84 49 19 76 30 49 11 52 73 32 4 66 13 44 36 21 60 21 80 32 48 19 76 37 91 18 64 71 48 40 8 76 38 77 7 3 95 12 37 63 64 40 53 45
1 61 59 65 77 0 9 49 90 93 93 33 13 97 56 8 3 53 90 21 82 58 98 47 27 90 76 79 94 41 94 32 58 59 2 65 28 74 27 59 21 21 76 66 48 94 70 56 24 58 10 10 88 70 56 79 66 9 45 14 73 63 78 57 78 71 65 76 12 30 47 19 85 74 23
61 63 55 48 48 96 6 77 29 53 24 87 58 44 85 44 74 35 44 57 67 21 84 22 29 50 27 56 95 12 75 17 88 58 52 34 0 58 8 71 61 34 23 23 71 99 37 48 22 67 93 21 78 40 97 80 7 66 99 31 74 96 95 72 0 61 18 20 77 48 59 12 54 76 45
90 77 56 48 2 29 21 40 20 89 21 34 1 9 46 52 54 23 62 14 19 81 92 46 34 35 34 20 11 36 81 87 85 10 17 39 90 40 84 56 94 40 6 29 62 97 75 64 61 12 63 86 42 11 62 7 100 13 60 36 74 7 88 69 53 60 35 60 75 9 79 24 99 17 38
68 51 89 58 1 45 70 74 0 34 29 36 10 65 16 31 40 74 26 47 15 54 49 6 41 79 87 83 5 46 99 66 58 100 4 81 15 39 60 4 92 72 91 9 23 6 10 8 8 22 95 29 43 17 67 44 52 79 0 27 79 7 62 8 19 86 94 59 33 72 51 5 41 96 59
68 24 31 17 30 99 86 1 92 81 66 25 21 92 98 88 42 20 12 4 91 25 46 37 89 31 35 36 53 42 87 69 50 93 31 55 93 45 25 39 39 57 27 45 24 33 59 30 91 80 100 39 66 60 69 83 3 34 16 90 67 67 13 8 51 35 31 9 33 47 82 34 41 1 80
25 59 32 1 19 37 75 64 6 58 85 0 17 97 6 97 26 99 16 90 96 77 47 100 86 21 9 54 96 51 83 40 55 36 75 32 59 68 56 84 1 86 45 87 96 97 23 68 1 90 37 19 37 80 31 81 15 8 46 54 22 61 93 59 70 40 86 73 59 0 12 84 100 79 94
63 59 85 54 75 65 36 93 60 34 80 6 59 89 11 75 67 76 42 95 53 77 27 68 59 84 12 59 92 82 93 39 88 8 92 5 53 19 79 73 62 50 5 34 31 53 61 7 35 7 29 1 48 10 12 15 56 37 14 48 13 7 8 91 60 55 81 12 39 27 13 75 60 11 89
58 29 47 59 31 43 19 3 24 58 33 4 48 31 69 10 67 17 47 71 64 54 78 72 41 3 12 94 59 30 90 50 9 40 19 37 17 97 91 83 79 51 98 27 6 95 65 81 5 57 0 23 6 40 74 87 95 81 58 71 66 61 77 95 14 36 42 68 18 68 76 21 83 72 95
60 4 43 79 30 39 15 37 3 24 2 16 87 66 23 33 55 39 91 47 92 68 57 35 48 25 0 1 36 80 24 42 74 31 78 6 5 90 52 3 85 95 32 59 6 49 31 23 0 49 46 25 83 7 66 13 1 74 68 46 50 48 88 1 87 90 13 87 58 37 79 92 31 30 41
21 27 99 88 35 27 44 96 43 16 43 1 15 96 64 46 100 23 75 56 42 96 42 11 92 91 58 54 10 42 58 74 1 75 64 0 41 35 29 64 48 83 54 25 18 11 40 27 46 71 91 42 60 47 4 70 11 52 84 28 34 21 57 78 94 52 88 66 48 85 61 34 46 43 20
36 74 67 65 86 74 1 73 83 49 98 30 55 49 76 16 28 75 35 31 11 17 99 4 51 51 53 53 72 47 19 10 48 45 30 37 43 80 45 24 47 97 82 67 29 8 56 2 60 16 40 64 13 65 43 19 83 32 14 31 69 35 66 12 89 32 25 3 47 59 2 23 64 75 25
19 85 63 65 95 58 34 90 47 61 91 62 65 2 27 54 65 29 88 84 6 72 24 24 24 98 96 73 46 39 93 32 55 48 7 79 68 92 47 47 64 30 79 37 14 85 52 59 97 56 21 81 27 59 59 72 57 76 17 35 51 42 99 2 81 0 27 42 99 72 17 70 17 82 52
30 55 21 25 45 40 95 35 71 7 3 70 45 56 13 79 33 62 38 54 60 66 66 2 55 70 44 9 81 19 93 61 82 21 100 18 89 41 56 85 90 28 73 84 13 76 92 29 19 79 51 55 34 69 94 32 21 82 68 30 34 47 55 99 30 29 84 30 100 9 25 26 21 68 86
81 4 10 74 67 40 19 81 5 88 79 8 68 84 52 12 63 38 75 19 13 21 83 56 84 2 18 7 6 16 9 50 52 44 11 51 85 43 80 81 46 88 9 16 43 93 43 49 90 71 94 60 51 11 11 81 51 87 40 41 15 0 9 28 66 71 39 100 47 81 15 18 48 60 36
73 54 89 30 23 29 47 89 24 74 69 34 38 12 49 93 34 64 87 49 81 62 89 86 57 75 15 0 5 34 74 2 23 93 46 86 94 86 27 72 54 62 72 35 57 41 65 61 23 50 16 24 43 68 96 48 80 53 31 36 95 70 77 33 74 36 11 84 12 86 80 97 52 25 18
34 91 50 72 75 99 73 45 65 29 97 44 4 30 76 25 20 52 100 28 43 14 14 34 14 44 26 89 58 12 86 78 91 56 49 68 54 44 15 7 13 42 35 89 77 35 71 19 2 31 85 29 81 66 53 35 16 98 5 84 91 92 50 18 9 63 5 70 42 37 16 53 79 86 71
65 62 61 87 32 7 73 35 33 99 91 65 67 76 86 12 95 15 40 88 12 57 27 97 88 28 87 26 66 3 35 33 84 46 72 96 0 71 6 50 94 29 95 97 35 82 10 81 58 17 98 71 64 50 97 67 48 23 96 51 37 73 39 21 30 21 29 31 63 36 96 40 60 85 35
65 98 89 1 41 49 62 59 0 21 44 80 83 21 1 88 33 32 74 71 63 43 71 49 30 95 71 89 0 75 87 47 17 29 88 80 4 64 20 21 7 81 70 8 13 73 14 18 46 57 57 15 62 89 3 85 10 5 26 76 55 89 92 14 60 64 99 100 8 51 63 78 20 14 18
81 1 37 40 64 64 74 73 18 53 5 3 86 68 35 82 18 39 54 93 93 18 35 44 17 79 76 3 60 58 60 81 37 43 6 41 69 73 71 39 21 10 70 79 93 96 86 58 15 35 69 1 53 25 100 40 58 93 41 38 88 28 72 43 76 61 20 100 80 30 0 81 25 1 89
44 35 1 47 4 58 22 38 50 59 90 17 96 79 52 13 31 60 12 59 40 4 23 16 95 6 84 65 17 22 49 92 97 44 90 62 89 13 59 71 57 71 65 83 67 3 28 35 87 22 43 94 3 88 37 80 3 45 25 80 31 44 32 14 29 78 86 83 95 50 85 67 84 11 27
47 25 47 21 80 60 72 29 14 68 98 61 77 99 97 17 53 95 14 76 62 28 15 28 5 23 36 11 86 96 95 70 12 77 19 93 53 7 99 80 61 80 19 58 95 28 66 68 64 22 56 48 64 92 71 94 76 11 14 20 52 56 75 0 69 43 54 89 40 95 9 51 89 63 100
79 49 24 68 8 5 31 97 87 80 45 61 76 64 72 67 60 10 65 51 70 4 98 2 54 87 65 89 53 20 69 61 54 53 12 58 42 98 38 56 27 94 81 12 64 65 57 84 66 25 52 49 3 46 58 56 37 39 30 53 28 97 61 88 0 64 20 0 18 44 37 32 5 63 64
84 16 80 6 50 13 99 19 31 53 66 73 13 18 22 31 61 35 84 19 27 87 55 45 79 15 90 75 33 19 66 61 59 7 7 18 65 46 28 70 91 89 62 1 46 96 78 1 2 100 94 79 16 79 88 9 20 37 31 77 68 3 31 34 9 94 77 93 69 17 38 31 21 42 35
8 36 30 78 4 89 79 14 41 67 60 24 81 4 86 33 42 61 47 60 7 90 43 93 34 23 52 36 14 93 58 14 13 61 55 85 48 11 35 97 17 26 60 72 54 14 64 31 12 24 83 40 29 55 78 59 89 62 7 64 13 85 77 94 44 18 20 83 81 68 70 77 64 62 73
52 30 90 58 58 68 58 33 100 91 87 70 34 24 23 71 22 96 55 37 93 89 19 88 41 20 67 5 87 64 8 93 62 7 89 31 9 92 39 67 59 25 77 80 44 62 60 97 7 59 75 24 74 26 99 42 40 8 68 41 94 93 47 52 48 70 18 49 28 4 13 95 65 86 88
41 37 68 74 83 93 0 97 83 24 76 74 66 30 1 2 37 66 49 83 5 30 74 12 82 31 48 99 54 83 49 2 68 91 53 82 61 64 82 86 98 99 86 7 81 57 43 80 36 12 45 4 25 1 18 86 13 94 100 74 11 33 59 1 50 31 89 5 68 75 83 85 84 42 95
57 13 6 75 2 89 79 13 52 70 87 91 64 53 48 44 40 49 37 67 90 1 42 15 5 73 54 58 68 76 9 75 26 70 95 65 70 56 25 88 9 69 80 47 21 55 53 12 3 92 16 79 89 64 33 70 0 28 93 79 8 12 8 63 94 64 80 93 84 43 42 38 27 59 76
10 11 18 42 58 78 26 72 45 92 96 44 64 52 76 87 58 5 26 100 80 69 62 96 62 42 28 86 78 20 64 75 61 9 77 0 44 5 4 76 57 89 58 51 53 84 98 52 12 28 21 99 45 29 96 36 73 74 37 62 17 74 84 98 89 59 87 59 43 7 40 21 64 43 91
80 78 1 79 18 34 55 36 81 55 22 68 63 31 9 65 2 72 82 3 72 33 48 28 59 89 31 31 28 65 97 62 6 56 86 38 34 3 87 83 88 49 85 61 51 59 89 71 3 89 43 47 19 40 83 22 42 56 47 35 0 74 51 48 25 38 0 19 3 85 96 33 37 54 45
74 12 84 48 17 50 70 37 95 30 96 21 18 82 70 75 55 21 98 29 67 28 84 28 51 32 53 3 8 72 26 54 89 67 18 56 83 26 30 75 79 94 52 50 56 6 7 21 42 14 59 37 11 55 42 52 88 18 5 17 36 7 59 31 22 91 20 64 79 82 24 30 48 73 15
5 19 40 61 37 17 91 84 35 43 62 16 41 85 87 58 40 66 81 83 2 42 36 61 7 37 55 28 9 2 90 30 86 30 86 100 79 49 80 64 100 32 68 68 11 3 45 92 4 16 18 77 49 64 1 15 43 17 12 51 30 0 48 40 77 29 12 39 97 31 51 35 85 99 51
61 59 3 39 44 56 93 20 49 24 16 46 33 54 28 90 56 65 86 12 62 34 75 0 74 9 35 54 11 20 28 82 20 16 9 33 21 83 37 96 44 17 26 60 80 83 22 33 9 55 64 35 24 78 34 84 96 20 78 37 73 100 77 1 91 39 2 2 56 51 82 29 5 28 34
80 100 3 99 88 7 99 88 96 2 45 94 74 35 4 83 72 77 7 100 86 42 84 68 97 38 48 56 18 65 3 92 0 0 16 46 37 20 99 0 85 17 88 87 95 32 78 36 29 43 22 55 32 2 76 64 63 27 60 32 78 79 0 37 15 11 53 9 59 25 32 21 21 68 88
81 82 87 13 73 15 97 95 46 29 8 55 16 40 1 22 51 47 53 48 64 25 56 95 51 22 54 48 5 82 96 22 17 39 47 9 84 77 9 53 98 73 19 65 60 78 91 43 73 16 64 65 36 84 19 61 44 66 75 12 16 49 32 94 84 76 83 4 47 62 46 95 90 43 44
22 77 92 60 94 74 1 54 95 21 81 24 93 75 89 44 77 3 27 42 62 55 61 59 62 72 37 38 17 59 21 88 10 52 57 78 23 29 5 37 84 85 72 68 54 9 90 23 73 74 48 93 25 70 28 25 88 66 92 12 89 26 90 53 28 26 53 36 42 43 89 3 60 49 3
75 27 91 67 93 36 19 54 71 45 56 3 32 91 57 55 84 81 74 90 57 85 52 34 81 88 37 23 13 33 37 53 72 97 7 24 35 27 72 49 4 90 72 60 10 8 80 87 99 83 25 66 59 13 0 2 72 29 98 18 7 59 51 39 52 69 59 86 74 35 63 20 97 90 27
44 11 86 35 71 18 76 84 96 49 50 32 54 14 19 98 5 100 42 79 71 38 2 76 81 89 78 91 72 9 36 61 17 46 97 85 22 99 78 52 37 5 1 52 64 23 28 43 13 34 54 54 17 50 59 28 95 22 34 63 84 85 89 19 99 79 98 13 36 16 78 21 68 67 31
48 11 46 100 61 87 11 61 27 60 97 6 81 4 24 79 40 97 21 97 94 74 31 88 36 84 89 81 27 82 60 4 29 73 48 95 77 89 36 73 12 66 54 44 30 60 35 20 38 15 50 56 83 1 74 71 16 15 50 64 76 48 98 63 41 48 79 34 92 42 64 58 55 28 96
7 76 24 96 59 30 70 62 7 13 47 47 61 94 82 63 25 91 64 13 51 52 2 70 22 83 60 87 9 9 84 52 83 21 41 96 46 24 79 5 47 22 7 77 43 98 59 69 49 78 24 17 33 12 52 67 19 49 32 7 44 8 50 89 61 24 3 39 22 12 24 81 21 94 6
14 30 24 50 9 42 4 74 5 68 26 57 32 27 66 37 33 23 86 72 14 26 63 39 87 80 35 16 84 81 5 60 11 44 23 67 81 77 40 1 77 96 86 6 5 97 10 1 27 48 18 25 20 48 87 81 45 68 47 18 48 4 1 45 66 82 78 80 39 62 48 0 49 47 92
4 29 78 39 16 37 93 88 44 50 80 10 93 83 15 50 46 44 19 43 34 21 42 45 38 60 100 3 66 38 17 66 97 4 78 75 72 72 29 11 100 7 82 76 6 43 3 96 42 31 31 16 18 10 86 41 92 9 19 64 77 76 67 65 37 95 45 29 91 13 63 5 74 17 57
46 16 80 36 71 76 78 99 2 91 53 24 54 45 94 23 20 85 59 42 23 95 74 56 53 27 8 47 75 78 74 79 34 95 90 65 18 13 13 68 82 27 7 82 37 16 26 94 14 30 89 25 80 46 9 37 43 73 87 21 99 19 79 38 93 81 4 61 44 19 39 11 100 35 74
65 64 59 61 37 10 83 0 52 8 27 20 54 18 55 74 17 30 19 42 40 70 82 95 92 34 33 68 72 61 27 61 81 91 83 22 19 98 93 87 10 7 19 52 18 45 74 16 54 6 9 58 36 53 53 58 43 42 77 68 10 59 82 64 22 32 45 27 7 55 71 25 32 24 46
94 34 2 45 93 52 44 97 73 48 10 90 93 86 13 92 89 25 41 59 20 34 78 33 36 40 94 3 1 28 70 78 86 96 41 13 1 85 37 80 82 0 100 85 56 36 34 66 40 24 44 59 68 0 14 44 75 26 100 85 34 43 22 31 62 51 86 22 69 12 61 29 32 89 46
57 0 6 52 35 43 64 43 30 42 16 13 98 27 26 64 54 0 35 61 54 92 40 41 85 89 42 51 43 70 96 58 39 86 17 59 27 11 14 15 9 59 14 70 35 8 68 66 51 35 14 11 42 36 57 86 1 82 87 81 33 97 13 54 16 16 76 74 59 35 4 74 48 99 23
20 71 75 94 10 22 92 93 79 40 36 0 53 83 38 47 65 91 60 30 64 10 19 4 42 34 61 1 74 38 8 24 89 31 61 2 80 99 26 49 31 92 15 7 13 71 65 73 96 21 86 25 69 60 46 29 62 46 61 73 42 32 29 26 73 25 57 75 33 10 69 33 27 0 59
21 1 54 23 97 84 66 80 32 36 20 75 26 41 4 50 12 70 67 27 30 64 51 61 10 72 62 73 69 47 1 9 74 66 79 75 17 33 26 59 5 21 7 9 48 26 27 96 61 47 60 73 11 64 13 82 94 37 77 26 90 41 22 64 71 72 27 41 86 52 86 18 12 45 3
28 16 75 39 92 60 91 79 87 69 72 17 43 74 7 0 55 28 18 26 0 72 30 48 44 82 15 67 58 86 51 41 13 96 53 14 62 38 35 84 30 3 100 17 32 83 93 3 32 57 53 8 29 28 89 88 81 58 92 55 89 15 27 70 96 38 29 41 76 40 91 28 58 94 100
42 66 73 91 50 10 87 40 29 79 98 34 98 30 52 97 16 47 66 97 75 23 83 28 59 89 51 94 27 56 75 9 81 92 45 93 72 88 51 14 1 34 5 3 52 47 78 78 97 95 93 30 91 3 56 80 93 28 29 17 3 55 34 24 72 100 99 57 30 67 2 57 79 11 72
17 65 72 44 14 73 69 44 58 39 4 16 51 14 28 25 5 33 62 9 75 8 82 37 47 67 83 27 41 84 61 80 92 43 27 64 95 84 97 48 31 92 56 20 16 2 36 80 61 96 55 8 5 87 46 62 23 14 0 45 40 24 20 3 45 9 16 26 82 2 39 78 73 96 73
58 11 18 21 5 91 96 0 57 55 82 30 71 50 62 79 5 7 0 39 64 38 31 0 41 81 25 61 10 92 0 31 47 55 76 6 89 22 71 18 95 88 90 82 46 25 97 20 86 43 93 12 46 56 95 53 99 25 65 31 48 97 11 32 70 42 100 100 65 90 74 44 44 4 74
36 27 89 17 65 9 37 87 68 79 56 29 97 14 41 56 76 75 11 93 56 4 71 35 34 72 58 70 43 63 66 21 9 46 50 56 72 94 18 35 52 2 43 81 57 90 54 86 86 67 52 70 64 77 44 79 97 58 92 58 36 19 64 58 81 3 16 37 58 41 83 91 30 10 22
19 79 81 79 86 22 55 24 100 10 16 64 42 64 100 0 67 13 76 21 61 31 92 8 71 12 85 78 17 77 35 9 95 33 45 91 63 6 79 50 31 19 67 93 45 65 26 51 41 41 52 85 64 95 51 97 99 73 65 87 21 41 97 75 32 66 68 84 14 84 61 28 77 79 100
95 25 34 95 97 54 61 5 25 28 79 58 64 80 54 50 27 9 53 46 43 44 28 85 45 43 24 37 72 35 20 43 85 44 22 10 90 66 71 71 51 24 97 96 66 16 57 55 13 10 6 12 37 27 36 39 92 90 95 35 28 99 87 95 36 74 6 9 88 95 2 31 42 42 58
60 19 25 27 13 43 26 84 84 67 42 35 29 56 65 11 88 74 45 95 19 0 0 83 36 49 74 41 74 23 24 15 35 54 58 45 74 22 85 19 55 74 65 4 81 22 63 37 35 3 27 41 85 72 9 50 84 83 12 34 27 92 58 0 6 79 50 46 74 69 26 79 39 42 68
25 57 38 40 11 43 93 43 80 83 84 71 7 98 46 90 44 20 61 71 61 52 38 68 80 58 54 28 85 31 46 72 62 74 9 63 92 56 51 51 58 77 98 0 47 69 20 18 82 93 48 25 85 43 38 63 52 91 62 10 33 82 59 59 22 15 62 41 34 46 8 63 37 87 71
50 86 0 82 48 44 92 42 4 59 23 95 18 13 5 72 53 70 39 3 50 64 46 75 3 41 6 19 71 32 5 3 40 95 28 3 94 18 16 47 86 70 79 6 76 59 79 73 20 84 32 80 43 47 55 50 59 66 11 9 12 29 11 50 17 95 2 22 96 9 41 38 83 82 32
22 92 84 97 74 94 60 30 7 45 96 74 71 30 97 60 6 76 35 87 17 94 63 45 32 61 33 64 7 38 55 92 22 10 17 12 52 9 76 74 8 41 68 20 27 31 57 66 88 47 28 51 36 74 76 42 29 92 73 63 53 86 39 57 3 19 44 69 57 53 91 83 46 84 75
9 6 90 51 70 44 61 91 58 84 81 40 78 27 94 14 86 5 22 45 80 43 43 100 65 31 55 78 85 96 88 35 24 24 52 49 80 48 100 59 15 14 7 8 54 10 74 19 27 39 12 63 16 91 35 82 29 89 70 72 94 48 3 0 85 28 20 18 46 45 56 75 62 25 67
33 100 15 75 29 25 38 41 60 93 42 4 1 69 80 36 89 27 44 25 73 83 99 51 96 28 86 42 77 10 92 78 46 27 83 15 17 57 24 94 4 8 96 10 78 98 30 54 65 70 35 61 89 75 25 13 14 46 51 21 29 65 53 77 71 17 73 34 99 86 33 36 17 50 87
36 39 11 91 30 36 58 19 85 55 38 69 3 95 39 33 71 9 27 8 31 44 11 53 27 47 82 28 49 68 62 44 19 98 24 54 30 5 11 41 61 86 20 73 57 4 81 99 39 79 20 44 56 37 66 28 89 67 51 52 60 0 53 38 69 36 32 67 12 39 11 89 40 53 96
50 91 66 83 24 74 29 50 38 29 19 37 44 53 38 88 55 32 3 47 0 7 9 0 92 36 13 24 68 21 51 31 18 69 0 0 69 49 30 59 76 70 69 70 16 83 45 37 38 77 48 62 65 99 89 25 96 86 87 87 5 89 6 66 26 16 20 12 46 18 35 72 33 73 36
80 28 82 17 94 32 61 4 9 54 5 91 20 0 77 64 77 7 50 74 84 82 70 78 54 92 27 21 2 68 10 58 23 42 93 9 51 54 95 29 1 66 38 83 37 54 49 2 84 66 13 0 80 92 78 76 0 19 93 40 36 70 6 13 65 19 31 50 42 82 24 53 29 1 77
31 15 90 72 66 42 51 33 51 46 36 97 99 6 15 37 54 76 86 66 61 27 76 91 34 49 99 91 94 24 3 0 49 18 85 3 60 59 91 69 95 85 1 78 91 46 97 47 79 51 15 36 38 0 33 38 41 94 13 69 38 40 12 82 94 46 76 50 94 16 73 54 94 83 81
99 25 64 94 19 64 94 74 26 12 20 87 32 61 36 7 83 29 30 68 17 55 20 28 98 72 81 62 12 100 70 76 18 89 41 23 58 54 49 43 11 48 79 91 58 29 74 84 36 59 84 36 29 2 28 79 84 81 57 28 100 45 94 40 96 44 3 27 20 61 65 8 94 81 35
76 5 26 33 11 23 100 35 7 47 89 97 4 66 96 49 61 81 100 98 42 2 14 55 21 5 54 30 38 92 70 91 63 23 24 67 38 20 62 18 26 9 88 33 49 21 15 70 25 17 36 30 75 22 68 1 43 56 25 5 80 96 4 15 34 1 69 56 75 42 99 60 38 12 96
37 35 48 51 50 51 83 40 8 35 86 77 45 84 90 28 41 61 25 9 52 77 7 81 1 0 1 21 84 67 95 61 88 57 91 68 98 16 39 99 99 1 57 1 1 57 81 98 7 27 60 11 26 68 18 100 26 22 14 97 74 1 88 39 4 47 5 88 60 42 59 39 3 10 93
46 29 26 64 4 13 48 65 40 85 66 65 88 29 51 65 36 13 16 93 23 2 12 47 25 85 36 38 53 47 56 70 63 62 45 16 92 45 56 14 97 38 37 54 70 33 87 82 91 64 69 43 35 30 93 11 96 73 93 2 47 15 55 5 45 97 16 63 41 15 30 98 48 92 47
40 21 46 63 38 33 97 51 12 100 32 5 56 79 58 30 0 12 24 31 15 98 96 75 11 45 23 87 3 34 51 30 92 81 7 78 10 4 56 62 92 34 86 41 93 29 8 34 6 27 46 67 70 71 31 41 78 19 51 29 68 72 7 87 88 42 12 91 26 75 20 60 53 5 1
80 93 24 82 89 10 99 70 59 13 83 34 17 42 1 37 53 87 86 91 39 34 70 69 32 40 72 11 20 23 45 84 39 87 56 27 38 66 93 38 65 54 96 36 36 73 58 17 28 60 56 97 94 46 75 48 32 70 13 88 17 98 63 54 12 75 81 98 76 55 35 80 91 89 55
97 29 95 44 35 53 73 69 97 33 37 49 45 37 0 98 97 10 59 39 64 62 32 48 80 83 70 38 83 3 58 7 78 70 68 68 61 39 61 55 39 79 80 25 16 79 16 99 47 68 98 56 87 34 28 19 91 70 40 23 1 48 54 33 20 100 97 79 10 1 70 21 44 16 57
84 67 88 16 65 37 13 27 100 0 43 69 81 98 76 54 0 75 94 24 41 84 26 32 93 96 93 59 49 90 46 44 42 29 27 64 74 67 80 78 29 6 13 71 40 97 78 16 40 83 31 9 81 38 51 72 16 22 17 5 66 84 73 35 96 16 43 92 0 38 94 57 22 63 50
19 26 70 68 17 87 89 57 14 70 84 12 88 41 85 33 72 57 94 25 40 32 63 92 74 22 0 63 83 77 24 56 93 99 84 10 42 68 19 69 2 43 12 20 31 93 88 69 41 24 77 16 61 56 61 85 73 37 25 13 80 72 76 86 72 30 19 35 60 62 6 70 95 41 56
6 47 18 12 80 52 78 99 94 98 87 20 96 1 1 43 16 54 79 41 52 13 26 4 86 18 34 43 84 69 96 51 6 26 42 63 0 47 99 40 90 86 99 96 42 59 7 84 12 29 76 88 53 73 58 95 51 59 0 61 20 68 71 69 50 73 1 74 24 57 50 58 17 4 80
96 98 31 53 75 62 47 48 82 9 92 46 24 46 99 58 37 65 51 57 5 0 0 82 21 65 85 59 97 25 85 45 46 9 53 36 100 25 44 62 43 26 91 11 57 36 47 74 45 6 78 65 29 53 33 48 50 56 37 50 8 59 44 60 84 10 56 45 51 89 24 0 0 62 30
58 18 15 52 44 45 32 90 59 45 92 47 27 51 45 70 87 57 17 10 68 32 61 71 77 20 74 37 7 26 11 5 42 75 87 87 73 71 8 26 99 12 2 84 59 26 28 54 18 85 99 42 30 57 100 76 96 63 32 36 95 4 36 21 18 49 0 86 59 95 49 68 48 12 74
56 39 92 27 81 84 51 12 41 98 97 5 60 24 74 44 6 55 63 44 25 0 15 4 34 57 65 5 37 86 12 96 25 34 99 17 36 88 87 54 68 37 48 2 79 96 20 97 56 46 79 60 64 50 5 84 76 64 18 13 48 52 99 66 1 86 77 2 86 7 7 74 18 45 91
16 86 88 39 57 93 29 69 97 30 66 76 26 43 47 6 58 33 13 54 47 63 51 12 8 18 90 52 29 50 48 94 67 11 13 46 29 32 97 27 64 99 39 93 3 81 3 31 36 66 72 33 79 58 28 88 4 98 47 82 48 14 18 48 99 60 51 32 79 80 20 76 75 9 87
15 12 8 48 62 87 9 73 69 11 31 80 42 0 95 39 13 80 68 58 17 99 68 86 23 13 72 69 100 12 97 81 67 23 85 10 52 97 65 6 29 23 28 24 53 55 64 14 64 9 36 97 15 55 46 52 45 44 7 55 22 58 53 20 91 81 62 35 51 38 36 5 63 73 17
12 57 70 99 56 79 63 65 45 49 100 36 82 2 46 34 60 8 67 30 36 98 58 41 64 46 71 54 98 27 33 18 16 59 89 57 50 35 46 61 96 63 79 78 74 62 47 28 21 81 42 85 100 37 9 19 87 56 2 61 39 66 91 11 21 19 21 59 10 6 100 48 84 98 1
68 31 96 44 87 21 12 53 3 39 45 95 82 93 65 87 61 98 5 25 50 66 35 33 92 69 8 72 50 78 0 100 69 81 12 23 9 12 4 9 98 78 34 61 0 87 34 3 61 76 69 55 1 57 55 95 100 58 67 28 17 87 97 16 53 68 46 58 26 88 95 58 59 80 28
34 76 62 3 67 10 11 83 88 14 44 100 62 65 78 51 31 47 77 76 55 47 29 90 2 33 55 0 80 79 65 48 66 62 36 17 16 90 28 60 4 58 1 15 73 55 22 33 51 33 84 60 57 79 68 94 37 9 40 15 55 100 18 6 39 48 8 16 35 62 40 25 72 47 75
92 1 7 42 8 45 66 31 30 29 62 49 70 53 10 52 41 26 20 68 30 76 22 68 76 95 13 77 44 68 80 50 30 27 72 76 22 8 42 57 91 21 93 35 90 64 12 8 63 15 40 92 91 8 0 53 33 12 26 66 34 58 53 91 50 39 49 94 83 73 87 35 29 83 65
50 94 75 60 30 53 49 100 52 88 20 58 18 61 15 50 46 18 84 37 65 31 25 34 57 77 40 44 8 7 32 48 93 98 42 95 91 5 20 18 78 38 53 53 17 70 81 84 82 12 72 45 91 22 72 94 76 3 60 13 30 93 65 51 44 3 74 5 52 4 26 24 47 13 18
96 63 8 2 81 79 31 16 78 37 8 90 66 48 42 97 37 92 69 48 53 24 52 84 26 9 25 71 4 71 40 94 77 36 84 12 23 96 13 90 10 21 7 76 61 40 60 91 64 19 44 3 64 5 56 26 100 99 17 1 10 10 26 10 8 5 68 44 48 43 2 56 74 96 66
21 35 2 41 8 3 98 69 0 91 62 31 63 78 53 49 63 11 52 13 95 26 27 60 82 76 92 9 14 43 88 85 62 40 32 81 10 36 13 83 80 99 71 78 86 75 54 83 31 96 14 62 68 17 32 96 36 93 21 88 26 37 10 74 54 96 34 87 21 5 79 29 66 48 0
46 4 82 71 40 67 40 41 95 3 9 12 82 53 14 96 7 15 33 80 9 50 30 48 44 71 29 58 81 5 49 20 72 27 100 82 71 88 93 24 0 76 29 12 61 49 100 91 92 98 13 53 30 12 39 93 93 77 44 82 60 65 21 96 86 10 33 87 62 12 44 11 9 30 73
4 84 13 80 45 61 24 26 23 37 34 76 68 60 70 87 69 95 70 67 28 15 40 76 55 92 37 3 12 35 97 10 46 55 13 59 75 87 7 69 17 80 2 22 34 26 39 12 31 97 42 5 93 34 94 73 98 99 48 13 3 21 27 58 64 56 37 14 24 33 57 22 60 20 95
31 79 66 98 81 4 89 42 20 59 12 47 52 38 85 60 69 56 24 47 12 1 20 16 35 88 58 88 47 41 37 9 1 40 8 57 6 56 2 81 11 52 73 48 78 34 72 17 67 48 47 26 83 97 87 2 31 25 5 21 32 16 46 39 74 28 0 19 60 88 14 81 54 97 64
79 100 91 17 7 83 92 93 100 73 12 92 13 1 21 2 98 12 49 94 65 96 33 50 79 64 88 9 68 1 37 88 3 2 30 22 49 85 22 21 93 45 16 92 96 45 72 40 17 72 6 55 54 17 68 81 10 95 44 50 31 51 83 0 44 40 11 57 80 81 67 17 91 60 46
59 90 95 7 34 97 61 47 67 31 95 19 99 89 36 3 12 8 12 58 11 7 100 83 49 25 68 0 73 49 87 0 16 28 64 28 3 54 95 27 68 82 37 36 100 20 44 68 60 74 56 61 39 11 31 80 86 97 68 54 84 65 96 28 53 40 99 80 19 89 29 48 43 78 17
96 36 5 61 21 12 97 41 56 81 54 48 54 9 48 86 1 38 84 87 55 49 38 26 23 88 29 79 63 13 59 32 52 84 74 33 50 62 100 5 13 100 79 58 19 73 47 80 57 67 53 65 92 7 68 95 10 81 82 19 77 27 29 31 47 0 8 47 28 92 71 0 64 89 17
93 68 57 63 45 26 21 9 85 34 55 16 65 67 6 51 12 92 89 55 26 43 9 5 61 20 55 80 12 79 78 0 49 89 97 5 30 23 77 71 56 24 30 61 58 29 31 41 2 39 43 60 85 41 1 11 30 99 44 91 74 42 19 49 84 79 98 32 89 84 87 58 33 99 20
83 67 69 50 18 47 6 70 51 20 51 55 97 7 26 69 14 43 94 15 68 39 82 41 14 20 87 88 84 95 30 11 4 100 83 76 16 1 16 34 74 88 44 69 3 53 18 50 9 94 72 39 34 88 36 81 26 22 73 69 63 34 0 50 3 63 86 7 14 2 55 13 15 94 34
93 78 68 55 38 55 99 97 19 0 78 72 31 70 16 18 54 82 100 6 79 7 1 21 85 77 46 9 74 87 56 26 66 85 27 88 78 59 30 100 5 50 63 50 83 39 47 22 23 63 60 78 9 19 96 26 26 1 64 37 92 73 69 98 5 31 85 43 67 49 52 66 49 33 89
15 62 0 77 46 31 23 79 32 16 37 31 93 24 72 69 22 81 87 80 29 39 76 18 33 74 49 3 83 27 66 99 30 35 97 54 88 44 18 46 45 29 81 25 81 1 10 42 25 10 56 31 96 54 37 12 53 15 80 28 98 30 73 57 23 21 49 69 4 29 20 30 96 21 88
89 0 5 62 47 50 62 17 39 19 0 70 87 24 20 4 34 18 16 62 31 81 99 48 37 84 55 75 22 24 30 91 93 33 70 85 56 10 17 71 64 8 94 15 81 20 33 95 62 9 47 71 73 72 5 70 42 87 35 100 39 43 100 71 30 72 60 59 64 63 10 74 31 92 69
69 56 10 17 40 20 72 56 38 16 10 56 24 30 58 86 15 36 53 10 2 24 39 57 42 19 40 5 19 50 49 34 91 86 54 54 17 51 29 55 32 79 58 59 69 71 16 67 24 11 52 98 86 87 20 68 65 92 81 5 30 95 17 87 13 4 69 31 67 21 4 8 73 73 12
20 95 54 6 84 7 27 38 53 36 68 41 21 70 25 43 77 23 86 37 54 5 74 47 79 96 54 49 78 50 57 20 80 95 53 95 83 33 78 28 66 81 19 8 86 18 74 31 0 39 68 54 69 100 25 23 38 46 15 13 92 86 34 89 62 89 17 70 75 1 96 40 13 28 14
72 20 8 71 64 64 97 37 31 13 38 16 60 21 99 36 6 72 11 9 98 12 61 62 11 47 48 93 35 98 96 47 100 64 55 15 70 49 36 86 30 60 69 63 54 34 12 73 8 62 57 37 34 71 17 82 72 19 60 14 14 26 39 53 78 58 16 14 72 57 100 37 66 6 98
30 31 90 48 49 80 5 35 96 80 95 72 97 65 34 8 72 41 6 89 63 35 54 89 43 54 94 98 63 77 20 24 64 49 76 66 6 73 46 93 80 48 59 97 43 61 17 100 85 70 10 62 26 11 85 47 65 10 7 68 41 90 77 89 0 16 76 25 48 20 53 50 19 6 66
72 73 61 86 69 36 60 54 25 10 52 87 15 67 72 46 57 26 18 38 73 12 38 26 15 18 51 4 64 23 60 92 6 17 66 18 57 34 38 42 100 88 43 16 44 81 51 95 82 28 30 60 60 17 88 16 5 26 32 1 98 99 63 98 64 85 18 98 23 20 61 26 20 33 67
86 77 12 35 62 51 16 8 32 22 81 43 45 77 79 96 27 38 85 30 25 45 29 64 20 11 66 4 93 99 70 100 5 45 77 78 21 95 16 57 5 79 92 14 61 76 93 42 95 19 31 97 73 82 72 96 73 63 27 14 3 1 7 74 99 82 96 69 39 10 34 45 6 2 99
67 98 72 56 66 83 95 29 76 27 17 33 65 44 67 22 65 44 18 79 72 50 41 29 69 10 74 25 5 80 51 87 90 75 44 62 67 46 61 11 77 24 88 98 50 85 30 66 83 76 77 81 97 6 67 59 68 71 61 73 52 90 42 10 67 34 30 97 46 73 79 39 5 62 25
91 11 25 23 88 93 4 11 16 13 13 89 16 97 38 36 33 84 41 12 96 95 61 64 62 85 34 40 18 77 63 12 19 49 83 74 6 7 19 75 66 27 4 79 77 36 33 39 46 19 32 32 100 6 25 76 77 20 3 77 60 90 63 66 96 14 61 22 68 85 22 9 89 75 8
77 7 37 4 41 31 51 31 96 61 66 4 24 1 48 100 82 7 54 46 0 92 64 88 95 56 72 62 42 19 88 77 26 10 80 81 79 17 98 86 58 73 12 13 45 72 46 22 14 90 5 22 61 50 37 90 3 41 70 3 0 35 82 32 69 8 27 72 51 84 53 92 34 5 100
82 50 34 40 2 20 1 66 46 84 14 85 41 32 14 73 90 55 14 100 28 93 96 20 58 25 16 68 79 51 97 94 75 26 85 25 48 26 98 2 24 18 83 75 97 70 28 52 35 50 87 89 18 50 68 74 70 39 48 43 65 93 85 52 1 1 24 55 94 81 77 41 6 79 96
84 31 9 15 58 59 7 50 64 65 82 16 4 14 77 62 95 52 96 88 83 37 99 24 6 8 60 65 86 66 39 74 82 8 38 67 51 85 55 66 3 63 87 100 84 12 62 29 99 51 2 18 19 97 25 5 68 63 60 82 22 51 22 29 92 78 77 90 74 62 8 48 67 10 87
59 95 74 11 43 83 44 90 17 49 58 31 69 79 54 66 83 35 19 36 48 38 29 79 88 92 48 90 77 41 92 75 14 88 78 27 55 43 73 62 82 83 86 79 44 6 24 97 30 54 7 96 44 44 70 39 87 95 65 36 75 6 38 89 72 63 10 79 29 60 61 19 49 32 0
2 83 93 37 61 0 63 38 48 37 61 94 5 65 82 91 96 70 33 32 50 68 25 52 45 76 42 88 32 27 41 19 53 100 26 45 57 44 96 85 98 94 57 30 61 2 63 1 52 1 18 3 11 38 44 5 81 8 100 0 71 30 45 93 47 79 36 77 65 69 92 28 69 73 38
67 5 82 5 89 31 86 100 51 47 32 57 5 23 94 3 60 19 22 91 11 0 29 99 19 53 50 13 12 86 88 2 15 20 63 1 44 23 31 73 72 46 23 9 65 77 10 87 67 73 46 30 42 63 74 19 23 64 83 14 56 59 46 87 21 11 80 82 12 61 25 54 27 20 14
28 71 32 77 86 0 86 45 8 22 85 3 25 35 6 2 52 50 63 38 79 91 44 97 37 87 11 49 58 16 68 41 65 96 34 97 36 45 40 85 48 2 27 11 30 99 41 74 0 75 68 37 53 34 21 12 1 76 2 3 31 4 34 10 40 46 92 51 58 65 76 50 74 57 97
90 37 30 44 75 3 32 32 40 66 61 58 76 6 85 79 5 85 53 97 2 22 23 62 17 53 40 39 28 88 90 37 38 6 50 8 85 0 69 13 88 17 2 91 2 100 99 22 34 29 31 76 98 26 30 45 73 69 89 60 61 92 1 31 78 44 53 15 20 77 66 81 2 18 5
65 63 50 86 73 14 2 83 94 40 15 0 89 70 57 92 12 83 52 19 43 10 88 36 38 15 99 64 26 76 89 27 31 24 20 54 76 40 87 21 25 71 20 33 10 19 32 76 80 12 78 46 82 51 54 90 80 81 83 57 2 51 59 68 85 68 100 9 78 53 32 51 7 4 33
34 39 38 24 86 98 44 94 4 57 39 47 41 93 28 7 22 30 62 55 76 14 84 7 75 17 3 98 100 100 24 70 14 1 43 32 44 47 27 3 11 67 93 8 12 9 30 20 2 35 61 24 29 26 36 64 30 51 44 75 65 34 82 84 52 98 96 75 41 93 3 13 44 98 4
72 66 13 35 15 87 23 86 25 70 0 22 58 13 88 24 11 49 55 42 63 22 76 23 86 64 22 24 24 74 51 33 56 76 17 98 37 85 55 14 47 81 30 12 68 71 89 7 44 56 41 58 10 68 51 42 38 54 85 26 39 61 3 24 47 59 34 43 76 97 2 29 79 66 25
26 69 48 25 39 46 51 25 29 43 27 37 78 12 25 13 8 15 83 96 24 41 64 33 53 49 23 51 14 88 99 42 27 63 62 79 64 93 1 40 46 66 86 65 36 96 46 42 36 55 61 14 97 6 85 35 30 3 48 8 57 18 91 82 60 100 15 99 0 96 23 84 48 52 9
77 41 16 36 3 98 94 58 65 28 78 12 42 67 7 66 10 18 58 88 42 8 35 83 51 51 75 78 13 29 3 35 20 90 56 98 56 8 75 63 94 42 36 3 83 100 31 27 72 95 24 34 3 51 20 18 33 8 88 31 85 7 78 91 94 23 60 66 68 6 11 83 56 94 50
74 32 0 21 19 46 57 68 71 100 39 56 91 55 89 91 28 53 66 77 43 42 72 6 22 7 22 32 9 26 87 56 18 51 29 49 100 12 45 68 100 52 40 8 14 34 98 51 28 60 9 23 95 93 87 89 100 56 39 46 56 95 79 0 84 69 38 78 90 3 74 9 42 22 36
27 81 74 40 32 12 97 6 84 51 29 11 36 19 58 5 17 95 12 50 76 4 1 17 80 91 13 4 10 62 85 96 44 47 28 54 100 36 4 73 27 90 99 35 25 83 10 61 82 75 74 66 8 55 0 85 97 32 20 68 99 77 95 81 56 71 67 90 31 42 64 16 87 34 38
36 81 37 39 71 23 53 51 35 19 3 32 79 78 19 13 14 6 45 5 82 70 92 73 50 54 74 14 75 12 16 14 37 81 87 36 69 93 51 93 88 43 94 90 49 65 84 17 78 30 50 64 19 33 34 74 54 75 90 44 91 0 20 71 29 50 63 13 90 26 28 19 92 18 73
60 8 38 92 54 18 67 92 30 17 93 24 38 42 83 88 10 56 62 26 29 92 87 71 27 47 61 53 6 97 37 95 69 8 21 37 31 99 76 63 87 31 31 71 72 10 99 51 60 31 17 4 99 31 47 31 78 63 49 53 44 28 68 53 73 56 47 43 49 70 53 15 65 49 26
56 73 80 48 49 76 10 98 14 21 55 94 10 11 61 85 87 99 2 20 5 17 42 58 97 85 38 53 88 8 11 16 88 43 36 0 44 70 13 46 4 96 29 4 1 66 47 85 49 87 84 99 57 99 62 38 50 67 60 10 84 35 77 46 33 64 50 64 27 23 7 2 48 7 0
40 57 12 63 50 27 69 10 52 18 94 35 4 28 86 7 84 54 68 49 16 93 70 12 73 43 38 93 57 2 64 38 92 12 36 34 19 12 67 47 53 54 25 23 50 30 98 5 85 24 1 49 88 16 69 94 18 84 71 87 90 67 25 100 46 46 88 54 36 34 43 10 59 27 79
92 0 67 11 17 1 76 31 32 64 35 94 82 99 17 54 46 72 2 44 30 69 41 2 70 47 60 84 54 43 74 99 24 48 15 3 14 36 16 44 6 40 37 30 29 61 62 10 76 37 71 6 2 56 29 96 10 81 100 70 91 100 41 84 78 78 10 68 26 84 32 65 32 8 22
39 32 81 88 68 99 46 10 6 62 74 20 33 22 93 49 16 16 11 27 68 66 32 75 29 27 88 62 56 10 98 38 16 81 94 28 31 96 92 7 57 53 75 41 12 57 68 73 77 1 50 19 3 57 17 75 26 39 20 19 18 3 55 46 30 68 89 98 1 58 10 43 25 50 17
79 68 42 31 38 0 2 86 80 72 70 89 25 88 5 63 39 1 63 93 44 68 35 25 52 60 37 37 27 19 71 9 8 27 20 62 88 29 88 48 38 78 32 9 10 94 49 4 37 66 28 42 30 76 80 29 22 69 58 3 5 5 69 49 32 53 32 19 41 91 18 87 36 59 78
32 52 87 22 62 7 65 82 70 95 77 91 36 29 28 5 18 28 41 62 66 59 13 60 94 40 92 5 94 24 62 28 71 83 65 21 44 96 100 12 63 75 8 43 18 29 6 94 88 54 33 2 93 47 15 10 10 55 11 62 46 100 50 43 47 24 39 63 7 3 47 39 0 28 13
94 65 65 75 32 45 80 32 98 78 45 93 51 14 39 87 0 13 25 62 94 63 35 88 64 82 27 16 1 40 27 76 95 77 44 81 15 42 2 1 82 1 12 0 30 65 7 30 69 13 13 59 34 67 55 25 50 72 92 80 79 23 31 62 61 25 82 1 76 6 76 33 84 71 37
76 85 61 11 45 62 45 48 54 87 69 84 57 36 87 62 94 94 56 38 17 25 43 58 60 55 99 91 73 8 30 24 23 88 56 10 19 39 3 54 2 75 83 7 64 57 36 99 29 40 58 3 99 100 93 34 26 51 53 16 25 62 22 1 29 4 54 80 69 86 15 47 69 11 17
38 84 22 4 60 15 67 39 13 100 14 82 2 46 78 55 89 79 17 26 69 29 45 13 96 69 15 20 94 22 47 91 74 1 1 66 4 26 1 1 70 99 95 73 44 78 84 24 24 15 47 81 92 6 14 24 75 10 35 76 2 20 1 68 46 98 63 57 20 8 53 19 6 84 9
63 33 8 60 84 83 68 14 39 96 52 4 61 14 33 13 71 17 9 27 98 2 93 94 46 20 88 36 55 73 10 40 6 7 68 5 3 82 78 40 8 99 92 46 23 20 51 29 64 20 61 64 38 4 5 26 13 89 14 36 96 23 6 88 80 28 50 67 92 45 17 50 18 98 74
85 44 18 46 99 24 3 63 28 64 25 8 72 92 63 71 15 66 84 98 76 3 77 94 33 53 57 86 45 13 39 87 16 51 83 17 20 29 74 95 4 13 16 53 53 2 88 57 9 16 69 44 58 61 66 5 90 48 87 52 77 46 8 61 52 14 60 62 30 23 50 41 52 37 22
83 63 92 31 7 76 35 93 78 81 56 45 27 2 18 52 31 72 4 16 75 5 22 74 46 5 9 38 12 82 23 21 88 53 0 5 6 83 42 29 24 70 22 21 47 34 62 19 55 31 87 65 100 35 23 66 14 100 78 51 20 28 82 61 80 14 4 9 27 2 60 87 1 100 47
41 43 66 42 37 43 57 26 49 23 41 40 12 18 64 6 2 29 57 83 4 32 0 9 73 40 43 52 26 82 56 67 8 45 47 90 98 12 2 97 41 18 57 91 82 0 98 97 61 52 22 11 93 40 22 45 20 1 32 80 89 78 21 70 46 40 41 53 28 33 52 69 5 7 98
34 9 27 76 71 62 28 89 100 84 44 68 34 30 90 93 75 95 65 15 58 54 35 50 32 9 63 60 71 37 59 63 43 19 11 4 37 95 49 13 90 35 58 77 94 11 79 49 22 30 66 29 47 94 48 22 40 30 15 30 83 65 90 78 45 79 21 95 23 81 43 42 39 93 2
3 30 79 4 98 72 61 43 46 52 55 1 77 68 62 15 39 30 33 86 94 57 36 64 66 88 37 70 1 75 81 7 11 32 21 33 20 22 75 96 1 67 33 93 4 47 81 77 30 30 87 67 82 2 8 79 51 4 42 87 86 67 33 74 94 35 14 8 91 38 38 22 31 41 8
0 28 90 72 30 55 68 20 20 37 18 6 42 47 12 84 55 55 100 54 28 50 30 14 29 30 51 1 32 24 11 82 96 53 25 29 18 20 14 32 8 8 36 76 95 38 36 56 13 68 87 1 63 28 45 38 89 81 31 87 98 70 30 56 29 71 19 76 57 62 100 68 70 72 48
84 75 48 1 97 54 69 11 78 10 96 77 4 17 65 20 80 37 36 10 80 74 68 60 42 90 7 99 57 19 86 83 77 51 67 4 13 90 15 26 13 93 90 57 37 91 44 70 79 39 20 67 61 45 79 0 52 93 40 71 22 82 59 59 10 64 35 82 95 24 43 26 6 64 9
91 58 55 59 53 5 42 27 59 10 17 27 45 56 34 17 85 92 79 60 18 97 67 77 26 52 73 60 97 63 2 47 42 51 94 93 98 76 88 85 21 17 88 64 80 48 93 31 53 81 50 40 29 19 4 51 76 14 7 51 79 28 84 46 93 17 96 28 35 33 40 64 77 92 59
72 67 24 94 22 26 11 34 29 50 51 82 90 47 82 30 1 91 12 1 29 3 78 91 11 56 68 36 34 23 81 17 40 33 84 3 91 100 37 14 73 85 79 36 9 37 81 45 93 37 57 9 39 83 14 65 80 61 4 5 56 22 31 16 49 56 12 29 22 58 0 38 27 94 46
87 4 34 49 57 95 39 57 41 99 11 26 99 4 88 32 54 2 90 42 87 27 88 56 88 70 47 47 20 49 2 20 82 66 8 39 46 17 42 60 12 64 61 7 1 6 78 68 30 57 91 33 32 91 6 63 86 16 98 30 83 62 7 65 63 45 61 20 78 16 4 47 56 39 90
47 92 56 73 72 8 83 72 16 84 1 94 69 7 11 57 23 92 8 72 75 86 48 69 23 70 87 98 48 46 12 54 36 77 2 70 11 33 62 57 5 16 89 54 57 66 23 51 59 90 13 98 46 92 16 94 98 37 93 59 11 51 32 57 36 54 54 34 73 43 49 85 75 65 61
94 61 88 6 55 74 64 8 92 66 58 83 6 28 54 10 43 66 87 76 86 51 92 52 77 2 2 43 14 42 65 69 31 37 49 29 35 54 43 45 9 79 8 91 86 20 75 5 98 1 41 31 7 34 45 57 65 63 44 29 87 4 64 91 10 57 17 60 52 27 68 93 26 54 6
8 48 31 25 26 41 23 84 36 27 12 12 31 75 26 92 70 4 42 100 18 13 36 87 11 60 30 7 97 57 25 9 23 50 52 18 1 11 35 91 94 50 4 74 20 42 15 60 43 80 16 36 57 34 57 0 46 25 16 47 79 3 64 35 37 76 55 17 85 30 27 28 38 92 86
97 23 87 62 83 98 80 1 35 25 51 14 0 88 49 25 79 2 9 42 51 21 51 60 1 66 13 100 24 25 53 59 34 54 34 77 77 47 11 27 22 15 90 18 75 59 100 49 70 11 84 76 44 12 51 70 87 81 27 62 13 71 31 63 4 56 67 49 68 10 26 27 97 0 9
85 37 92 34 94 1 43 10 85 59 11 86 4 12 0 59 87 52 25 52 81 83 31 44 48 38 29 22 15 16 9 93 59 59 92 93 34 9 46 87 28 35 88 68 3 49 75 13 11 99 13 3 35 45 96 77 2 74 34 55 60 58 77 15 55 7 52 43 22 9 1 4 12 9 38
28 44 42 34 75 46 62 83 2 27 69 19 34 41 86 50 5 7 96 72 76 56 51 75 27 23 91 14 52 59 78 67 72 27 97 50 59 45 1 69 46 94 60 47 71 50 80 94 32 86 24 90 36 24 40 58 33 84 23 34 47 20 23 76 24 88 73 22 92 45 22 80 2 62 68
21 6 59 79 5 20 7 35 37 51 83 98 30 34 60 22 97 91 46 1 42 10 4 44 55 70 62 8 30 82 84 46 34 100 19 76 53 83 23 98 99 75 82 88 38 1 28 76 51 14 93 78 9 14 94 2 89 20 87 46 36 5 32 8 75 49 52 85 30 77 84 24 51 16 86
0 81 49 48 92 64 50 27 56 29 57 47 32 56 8 6 31 93 48 14 73 70 56 63 26 10 99 65 62 50 23 59 16 28 34 55 55 20 49 13 76 1 29 93 15 93 21 63 77 74 5 48 63 12 29 67 47 27 10 78 56 48 49 72 16 16 66 22 52 5 51 20 47 7 60
74 55 30 14 58 4 12 4 36 23 16 16 61 58 43 90 6 38 87 35 70 32 64 54 100 55 69 48 30 23 33 44 15 51 48 11 39 47 9 88 52 75 67 91 64 54 37 26 30 60 36 94 22 4 4 89 56 80 15 43 36 64 66 44 24 100 100 97 73 22 5 97 29 95 60
97 95 23 31 28 73 64 92 73 2 37 5 22 71 74 32 15 33 33 31 94 87 67 7 73 89 100 18 47 22 57 24 64 77 79 10 65 27 93 54 46 32 86 60 49 63 81 97 54 97 14 75 73 16 97 93 100 38 43 50 57 45 4 2 78 48 45 80 15 17 22 21 44 100 53
50 6 89 37 0 9 52 66 58 98 88 56 45 66 59 73 97 94 9 29 99 92 74 33 1 48 8 42 59 21 45 68 80 65 16 6 1 14 11 39 41 72 89 50 96 83 48 76 48 41 82 34 71 93 52 80 91 14 85 68 52 63 96 6 11 75 96 46 94 72 25 4 45 35 3
70 27 75 52 95 77 15 24 34 59 96 98 45 25 71 9 36 25 74 58 95 34 57 33 81 72 55 69 68 47 51 59 17 45 27 67 25 9 17 98 63 100 32 15 49 27 16 93 70 27 2 98 93 85 66 61 20 4 64 21 44 18 62 16 100 74 43 64 85 50 11 11 72 47 30
3 75 76 67 71 89 62 2 6 36 39 76 53 47 1 21 47 79 87 53 76 20 88 81 92 49 33 34 15 23 81 24 71 60 22 56 33 91 79 71 83 3 4 64 14 34 32 46 33 82 97 69 83 14 28 84 23 61 4 58 85 7 62 93 93 74 96 39 48 61 77 54 46 57 99
90 73 26 9 98 78 64 42 18 54 41 77 33 30 11 81 29 30 14 85 81 40 1 77 45 73 50 81 94 56 38 55 57 2 48 70 76 57 55 33 94 21 98 4 45 66 23 84 92 82 91 23 41 88 72 2 1 50 31 0 36 95 77 35 23 37 97 36 20 36 13 53 0 94 11
69 79 4 30 80 39 7 35 3 29 54 73 91 51 45 36 41 67 30 62 8 55 19 14 35 56 95 46 98 51 29 58 23 59 90 63 22 19 88 92 16 85 51 27 44 80 78 98 93 41 23 99 70 82 69 76 87 93 67 64 52 33 12 46 22 32 95 73 17 50 96 52 58 11 56
95 25 70 57 27 19 40 30 80 73 52 5 76 39 57 18 33 46 65 87 76 49 53 44 26 52 46 45 97 56 40 63 98 56 80 57 85 90 36 27 44 54 86 35 48 66 10 5 61 80 14 81 67 53 38 53 50 93 94 66 27 93 31 20 38 50 10 31 70 3 74 80 40 45 41
100 20 52 100 64 86 90 60 32 75 92 20 1 18 86 92 73 98 22 100 1 46 16 45 67 28 12 79 51 89 47 56 16 41 63 54 5 26 5 58 84 29 99 27 37 62 28 48 54 96 32 55 0 19 72 74 79 57 48 97 83 54 82 42 4 76 34 53 31 57 10 37 62 34 29
97 99 4 26 26 58 71 65 70 38 16 40 67 26 99 92 13 17 13 24 31 16 46 29 31 48 92 40 76 49 17 98 70 7 29 84 47 49 63 91 1 45 34 51 31 80 78 70 94 31 22 34 2 42 40 28 3 30 55 69 17 38 74 67 34 74 33 16 38 69 32 56 53 29 9
26 16 79 2 0 95 46 44 51 48 94 22 41 92 67 25 77 13 14 20 80 6 86 21 93 55 14 78 5 98 7 1 25 70 96 94 98 81 64 18 2 84 74 71 79 2 14 14 50 19 98 55 30 51 1 1 79 48 40 73 47 11 43 54 50 37 76 94 87 66 70 69 85 73 19
87 93 0 20 82 74 19 56 15 73 0 87 91 45 27 59 96 73 83 56 12 65 52 73 15 23 73 50 79 42 71 62 65 60 27 42 4 92 70 29 30 45 16 50 4 99 35 51 68 100 2 63 53 24 6 64 70 41 72 100 10 41 27 33 4 78 62 42 61 43 40 14 45 68 38
91 53 86 17 56 100 58 71 55 47 28 90 13 71 37 95 76 95 37 62 94 9 38 60 84 98 30 94 44 78 16 60 19 19 95 57 84 90 36 15 77 32 32 69 61 55 82 24 49 85 32 70 70 83 40 24 84 0 4 85 80 43 0 29 54 23 18 23 27 85 15 13 45 57 36
64 61 5 74 15 93 7 75 79 65 2 30 11 78 27 0 48 55 15 87 29 41 77 40 40 28 49 46 41 54 45 81 5 52 93 21 77 44 63 94 88 71 99 55 63 0 87 92 59 57 58 1 16 30 25 98 97 66 27 8 62 91 39 21 87 99 8 78 88 12 84 100 43 94 27
81 91 39 16 80 74 85 4 67 86 49 74 57 22 100 58 23 83 60 26 44 91 0 53 49 55 33 15 5 64 42 41 76 23 35 4 11 27 19 52 35 19 35 10 11 78 50 44 24 4 53 53 44 82 74 36 19 9 6 3 20 59 36 65 89 49 78 82 80 82 45 16 83 95 73
67 14 49 89 49 50 34 50 36 74 52 16 80 37 66 64 53 55 91 13 79 21 73 5 78 65 41 87 25 6 51 12 89 59 40 27 46 3 77 45 31 89 75 33 64 3 40 40 45 5 55 10 62 19 9 2 64 90 4 27 8 74 42 32 98 26 5 58 91 32 9 36 81 73 15
30 12 75 44 68 90 84 32 32 41 71 60 49 32 69 88 60 85 41 92 55 86 39 14 64 6 77 12 96 10 79 81 63 31 74 35 23 35 1 6 6 83 95 60 48 47 90 88 96 70 22 22 62 88 65 75 56 38 32 39 55 79 8 15 25 3 71 83 51 81 93 11 83 70 30
17 7 9 83 74 48 42 39 21 26 43 42 92 28 28 24 50 26 97 24 35 4 62 27 74 66 0 8 30 77 34 75 50 30 88 74 38 78 79 45 39 3 72 53 24 8 25 36 37 12 88 55 99 29 85 69 91 30 16 77 62 92 54 63 10 64 76 15 96 22 100 28 34 41 30
19 71 94 75 7 53 82 57 91 94 91 5 45 76 77 69 23 73 45 16 33 65 49 56 6 2 15 0 60 99 26 13 59 94 3 8 48 18 39 84 6 27 5 16 98 0 9 3 60 44 94 98 21 88 29 64 15 26 48 86 98 69 12 63 100 50 82 93 81 13 50 31 14 89 3
58 17 82 68 46 92 59 45 44 76 75 39 29 25 69 0 14 45 97 66 18 43 13 75 8 69 78 71 43 87 40 28 21 6 93 70 60 20 54 73 66 76 73 67 79 3 57 43 16 46 56 83 56 24 88 62 91 92 71 37 68 57 0 97 17 93 36 94 5 83 30 70 99 89 27
76 74 16 40 3 10 32 65 59 42 30 83 90 94 35 53 34 78 66 88 31 93 96 12 23 42 8 84 78 32 39 92 11 47 80 64 75 41 76 10 87 80 35 91 2 78 8 70 19 34 73 73 72 56 78 28 48 47 37 42 26 44 98 1 29 72 90 31 58 25 31 7 91 13 69
33 79 20 87 9 91 62 94 92 28 70 40 67 73 21 56 39 77 39 8 93 77 100 96 6 74 8 26 19 14 12 3 35 0 13 28 32 9 59 31 18 53 52 65 82 20 52 47 75 64 91 5 89 85 32 35 64 53 59 38 64 75 56 54 18 100 62 99 100 92 45 1 18 72 57
33 64 27 10 69 57 93 93 71 33 75 1 26 28 44 56 43 27 69 11 40 97 52 34 67 76 13 50 9 79 38 96 22 61 85 84 49 33 94 83 98 38 83 97 8 39 8 64 73 96 59 36 44 1 52 33 12 23 27 19 15 40 0 35 40 52 54 81 22 98 22 48 12 38 70
71 9 97 76 83 65 53 29 89 42 77 2 97 66 88 38 43 61 59 65 52 3 61 43 12 77 79 77 3 35 35 12 35 65 70 15 59 85 88 83 46 28 6 50 19 84 23 45 58 54 74 81 18 44 94 20 0 54 26 32 46 21 4 60 77 93 63 9 14 23 15 82 6 21 55
51 3 80 10 6 90 81 63 75 84 28 49 100 38 30 76 2 38 56 10 86 48 88 9 11 40 78 77 39 36 29 46 46 18 27 97 27 31 88 41 14 66 13 84 60 88 82 77 10 79 88 16 97 24 2 10 25 96 19 66 66 10 58 28 33 58 61 18 86 97 32 82 1 85 95
10 63 32 51 2 26 79 17 92 92 100 99 46 26 84 16 89 92 0 100 73 1 87 72 51 0 39 7 93 29 63 88 87 96 88 83 36 0 83 37 21 22 69 88 27 9 88 22 69 21 8 46 66 57 20 40 91 43 1 1 14 4 70 50 22 95 29 42 48 30 41 71 6 40 20
88 23 94 40 27 26 1 89 38 85 29 83 2 44 64 13 94 93 71 68 29 39 93 94 28 96 98 78 12 12 25 71 95 62 42 96 6 65 43 24 95 58 21 89 89 47 60 17 53 2 48 54 21 29 46 77 39 47 75 8 27 55 89 34 6 36 18 43 88 57 80 67 11 77 54
78 7 80 14 88 76 27 81 4 43 96 65 50 7 40 8 4 5 52 33 51 12 97 36 36 57 94 33 93 62 39 21 29 84 74 85 17 2 29 65 12 70 12 36 70 35 26 73 30 79 49 56 25 86 26 47 54 7 62 33 32 76 43 61 89 13 80 28 85 94 52 15 13 68 82
74 35 67 43 57 5 69 51 56 84 30 41 1 95 32 33 27 62 84 79 53 90 38 70 44 61 2 0 96 100 63 77 63 27 30 71 24 57 90 11 36 78 74 96 5 35 32 13 13 12 61 85 50 9 90 19 98 43 6 84 9 65 42 63 43 23 47 96 99 73 43 3 70 58 38
79 29 60 36 83 16 0 62 66 81 48 57 85 36 19 3 91 84 56 87 73 100 67 49 26 97 73 91 60 81 81 61 65 13 98 74 90 9 68 34 84 2 99 19 7 51 21 43 58 68 21 60 68 37 46 85 41 32 54 37 71 14 26 44 24 33 30 49 68 81 83 70 24 69 97
62 74 16 57 7 38 3 72 68 17 39 83 52 33 35 77 70 67 42 77 79 32 47 11 90 72 33 6 51 46 97 43 5 50 11 6 15 100 61 77 57 57 46 42 57 57 38 80 89 87 4 21 5 3 29 66 85 87 75 100 63 87 30 40 17 41 81 98 34 20 30 63 46 36 67
5 1 87 89 3 34 47 71 84 78 68 42 75 9 65 44 73 38 24 97 97 28 60 70 17 75 79 6 44 92 24 6 79 99 59 31 21 3 54 16 65 97 65 47 96 28 65 48 80 43 5 46 61 91 74 73 55 36 92 41 21 70 89 95 18 2 22 61 66 92 7 51 94 13 15
6 33 68 27 72 51 72 68 100 83 57 50 84 1 64 35 2 4 99 81 50 13 10 68 3 12 22 27 86 2 2 46 15 7 48 96 89 35 15 9 66 40 81 5 49 14 69 73 5 1 31 17 90 87 35 97 36 89 98 39 94 67 12 73 40 77 60 58 1 7 11 79 0 20 45
73 3 97 100 49 33 14 14 80 20 66 10 47 31 89 48 2 66 13 32 54 27 31 80 52 49 92 2 42 0 87 79 40 14 48 18 1 54 42 44 77 87 79 12 50 86 32 16 89 69 86 60 71 45 57 66 87 74 59 49 83 44 61 72 98 77 59 6 46 93 6 48 66 8 53
20 88 10 77 72 87 60 12 15 23 39 0 16 15 80 82 96 66 98 27 92 80 77 100 58 23 61 6 70 32 24 58 30 11 43 99 21 63 82 83 76 48 34 96 74 81 33 16 29 33 84 11 61 91 95 95 25 97 26 62 72 24 70 67 28 57 15 14 36 55 41 58 51 45 42
89 4 75 86 82 52 9 75 21 57 44 72 91 23 88 17 100 35 47 47 51 27 31 97 61 14 79 75 90 40 75 40 23 39 86 29 70 9 31 31 92 58 50 4 36 72 66 40 51 33 34 39 59 13 52 11 53 40 73 17 22 46 65 67 24 59 63 25 65 52 79 12 5 26 26
82 99 84 8 58 67 63 46 98 77 49 19 93 23 78 50 88 40 47 34 57 2 5 34 72 35 17 14 79 82 36 44 0 0 72 43 63 82 54 15 29 27 38 60 99 47 42 38 40 61 57 68 93 99 100 45 35 100 73 57 89 60 0 66 5 47 60 60 49 79 11 99 39 32 4
10 16 49 26 28 74 79 98 68 70 1 47 57 85 28 77 20 18 89 21 97 7 92 49 49 81 94 72 43 16 75 62 24 71 36 33 35 35 77 24 22 22 67 25 22 89 18 72 4 90 14 68 93 61 69 33 52 88 30 96 74 41 56 46 71 37 66 36 77 75 71 50 82 98 8
70 25 87 3 64 15 10 62 93 93 7 65 92 87 37 28 14 76 3 69 62 87 22 58 83 41 21 64 16 3 19 98 34 66 12 83 48 12 61 20 90 55 73 13 93 70 67 3 76 85 45 21 73 57 36 63 100 23 58 45 9 99 2 5 66 17 18 16 61 93 84 22 10 8 90
97 19 30 11 15 11 64 98 72 9 66 65 19 39 73 95 16 52 13 62 70 48 35 48 63 11 37 70 14 52 0 11 47 73 80 73 68 20 42 47 80 13 23 6 53 43 48 89 95 20 51 41 36 93 41 38 72 18 84 47 97 91 44 76 20 23 38 8 30 34 18 78 72 90 83
99 53 64 56 13 46 78 6 51 72 78 69 2 21 91 4 49 49 85 15 10 16 39 19 100 75 49 86 18 80 92 10 21 51 34 22 25 26 49 10 4 52 6 83 98 31 24 53 97 17 82 66 48 30 27 10 51 45 5 52 51 90 87 47 76 66 58 14 7 4 93 10 11 82 6
51 91 62 25 98 86 16 56 97 10 13 21 89 13 4 12 62 67 74 21 87 77 14 78 90 44 27 70 60 29 16 76 39 49 24 13 23 74 30 74 47 40 12 61 69 64 32 74 58 95 46 31 31 42 66 97 29 98 95 32 66 68 74 6 20 29 42 34 9 99 76 1 20 22 96
51 34 83 88 65 53 12 76 13 3 29 15 90 98 87 15 76 69 1 70 35 20 11 31 37 9 77 89 36 18 68 68 99 83 91 76 25 24 53 46 56 19 99 97 51 22 81 23 31 72 84 61 41 11 91 85 69 42 91 96 3 77 6 88 59 46 8 17 52 99 49 60 90 70 10
18 56 71 27 78 12 54 78 50 51 33 36 14 93 99 39 21 60 55 91 53 48 30 89 60 83 80 11 69 84 78 13 61 22 34 85 96 95 20 19 2 15 81 62 47 5 12 30 97 26 41 65 33 97 17 27 67 84 83 55 83 38 85 91 24 34 78 54 2 98 41 80 95 75 11
57 20 91 75 23 83 15 16 74 94 58 82 31 66 2 19 7 54 22 14 24 49 98 18 75 71 47 81 56 89 77 48 68 60 28 61 13 50 72 1 32 68 20 55 72 11 61 47 34 3 33 71 24 9 54 66 43 23 15 55 4 78 64 90 69 64 10 48 3 12 0 72 34 80 7
45 41 64 59 37 15 87 56 76 5 13 44 53 26 33 74 96 100 72 17 26 58 51 10 43 57 1 82 42 41 3 34 95 78 4 95 94 35 70 15 87 54 2 95 78 60 95 8 85 59 55 83 65 23 82 66 64 26 11 88 65 10 1 38 92 99 2 4 82 27 34 96 64 38 76
99 87 58 40 21 34 35 47 30 95 29 33 84 76 42 88 98 63 2 13 68 90 71 80 7 63 88 75 99 4 87 4 52 79 59 98 14 14 43 52 58 75 8 14 92 33 90 10 85 59 17 48 62 100 92 27 50 54 26 54 66 8 84 29 62 34 37 1 81 97 33 50 5 17 78
27 40 71 59 20 90 2 6 69 90 43 25 32 47 52 50 11 60 61 6 6 49 53 34 80 24 74 12 25 11 92 47 84 56 100 3 99 23 63 29 40 38 93 96 86 5 43 8 76 30 8 3 60 64 62 37 23 96 34 30 10 1 93 61 41 78 63 59 99 51 35 58 92 45 85
100 4 5 85 59 48 98 79 89 21 7 35 0 54 73 91 38 33 5 88 97 73 35 53 20 56 13 77 81 66 3 15 63 100 96 44 55 100 40 47 20 10 94 53 83 55 72 78 15 77 96 93 27 76 91 64 25 84 75 15 73 92 93 56 74 14 61 16 80 85 79 64 88 4 38
61 39 4 75 26 45 92 5 84 69 81 78 38 8 11 1 72 25 68 77 65 78 62 42 6 32 48 10 100 87 79 69 50 44 62 48 67 5 74 68 41 41 87 50 36 67 88 95 30 61 81 54 33 5 99 65 80 78 90 71 1 25 61 78 4 95 25 37 67 68 11 26 83 38 19
4 3 68 22 62 73 67 38 83 63 14 47 53 66 47 99 40 67 95 91 60 92 88 78 56 1 81 93 21 10 69 25 46 93 67 55 69 89 3 15 17 3 52 15 100 73 55 9 90 42 33 3 27 72 80 29 26 82 34 37 27 99 27 38 7 42 12 44 2 83 62 64 97 81 67
18 72 6 83 76 45 32 47 70 32 69 64 30 81 67 20 93 80 52 20 9 6 16 98 85 52 9 13 31 40 84 13 50 72 53 84 71 21 99 43 3 48 14 30 44 38 57 58 19 80 75 4 20 66 19 70 88 2 94 32 85 59 63 93 28 2 44 27 47 38 70 56 46 11 38
92 50 13 58 100 29 41 20 44 12 9 8 82 34 83 2 23 37 18 83 19 20 30 7 4 35 3 70 59 69 3 47 98 66 64 58 19 100 55 49 75 92 41 65 89 41 91 47 13 75 67 54 21 9 98 46 20 81 47 51 57 11 92 44 57 70 0 92 28 64 7 58 40 54 87
99 51 67 80 44 68 77 85 37 63 10 79 69 18 63 8 7 8 70 63 15 94 21 89 75 9 57 3 28 96 11 94 73 14 14 61 92 64 39 57 26 42 43 84 66 80 94 75 72 5 27 49 0 69 7 49 38 2 54 8 54 5 80 51 83 70 48 39 94 28 48 18 52 67 16
66 45 84 48 65 3 66 56 92 97 8 83 32 3 76 80 76 6 14 46 20 57 61 93 71 84 30 29 92 87 86 74 74 81 60 33 62 47 55 5 26 57 83 36 89 78 61 79 62 27 12 15 56 6 73 95 24 30 29 28 98 32 85 55 16 71 2 47 45 35 5 63 17 41 5
96 74 29 13 69 9 48 35 69 86 12 65 30 54 60 35 94 91 74 57 54 11 54 51 25 2 47 74 79 37 28 91 59 48 36 88 62 42 32 7 17 2 83 53 80 55 96 90 46 18 21 40 34 55 31 20 68 2 72 13 35 11 86 96 32 95 57 32 15 3 13 36 97 63 61
100 62 70 37 16 38 13 86 3 11 55 47 72 80 56 86 62 86 34 84 16 95 37 8 52 83 60 18 31 26 0 77 73 3 88 21 85 99 36 42 3 72 60 33 22 70 7 16 72 71 47 39 89 88 9 90 39 42 31 55 90 96 20 92 16 77 56 87 16 42 93 91 33 63 68
52 54 7 17 9 81 45 11 5 65 72 51 44 45 94 99 54 49 96 64 43 85 6 84 28 58 12 55 85 9 17 47 23 39 52 49 41 44 72 76 2 63 83 3 25 95 81 66 56 35 33 43 26 73 64 44 25 95 30 19 57 29 42 49 70 61 0 72 55 3 3 97 57 0 54
93 72 65 43 69 100 49 15 0 32 17 0 83 36 8 53 62 7 19 25 99 21 26 98 22 99 1 87 60 59 19 27 25 99 31 12 48 83 59 5 70 9 41 31 53 53 11 50 15 28 6 93 96 27 91 57 23 58 88 35 67 30 54 18 18 21 39 53 82 8 12 36 100 61 67
72 11 34 5 38 43 53 8 8 70 79 40 90 69 44 97 26 31 23 11 50 54 87 38 4 52 12 1 100 25 29 23 30 45 72 70 67 9 35 36 63 47 6 28 41 55 75 86 87 6 78 66 7 50 99 1 71 64 89 38 58 76 39 1 69 44 93 2 16 58 63 53 60 37 96
55 89 12 59 53 18 57 15 22 20 89 23 56 3 89 2 55 43 97 4 18 3 99 5 58 6 47 58 26 87 71 53 22 58 34 86 32 47 46 98 36 48 31 71 70 39 37 33 90 79 6 23 0 10 95 39 95 29 3 86 65 70 25 79 22 25 80 42 71 91 29 68 0 73 70
50 46 79 48 0 29 2 46 21 83 45 34 8 46 5 57 84 84 61 33 53 8 16 42 90 89 39 63 80 69 12 7 2 44 95 46 59 63 47 94 12 89 23 70 62 50 31 54 58 74 82 16 39 90 63 36 60 90 78 66 25 83 76 38 80 97 24 17 85 51 64 76 87 23 75
44 74 67 28 61 25 49 60 43 85 100 26 14 70 32 56 40 88 22 98 38 78 22 84 35 69 50 43 48 29 37 7 97 74 96 24 13 11 71 1 80 68 50 62 94 100 22 74 16 24 71 25 39 36 17 10 35 40 96 62 92 37 25 8 74 81 44 48 88 49 84 100 92 69 12
31 6 95 66 43 44 80 90 56 64 70 29 66 41 49 60 100 29 77 92 14 9 23 25 39 25 55 80 100 18 40 4 30 48 74 3 31 26 99 38 42 37 51 53 44 60 16 53 29 53 52 54 54 2 48 23 34 100 17 91 15 88 44 30 56 77 45 93 92 32 2 75 55 92 42
72 64 15 76 12 93 79 95 40 18 97 14 36 84 0 79 11 58 53 52 8 58 39 87 30 81 34 73 73 53 8 74 13 36 60 34 83 51 1 33 11 52 92 72 60 71 35 27 24 65 16 33 56 40 44 9 84 46 1 2 94 97 97 21 69 70 60 25 98 45 3 55 72 0 3
8 49 61 83 10 49 39 61 91 21 57 65 11 22 36 57 5 72 96 17 96 55 46 22 95 77 99 27 74 67 38 40 26 10 69 41 50 71 32 6 23 29 93 89 68 88 72 15 42 12 84 55 34 21 7 32 31 87 77 90 80 14 50 71 49 96 70 20 68 92 81 59 40 50 14
92 97 48 54 8 63 87 100 68 73 57 16 82 89 46 54 21 19 72 60 61 2 69 58 14 31 88 84 76 56 7 2 49 15 98 42 43 22 41 83 71 49 78 76 62 13 73 53 18 87 12 93 39 71 10 94 46 69 94 22 22 58 31 78 59 25 77 11 8 66 91 36 85 23 0
61 53 61 25 41 82 3 68 11 25 72 99 63 58 27 3 17 36 77 17 57 90 71 1 15 77 59 93 63 57 89 50 20 25 68 64 29 37 26 33 27 27 30 5 32 66 77 62 74 3 60 76 42 30 9 76 96 79 47 56 83 52 100 35 6 14 27 23 57 17 28 29 3 43 42
17 72 79 17 12 6 72 91 97 91 39 19 57 87 5 6 60 6 28 28 61 93 95 75 41 38 66 97 87 7 80 90 97 8 36 17 71 96 52 82 51 63 28 53 39 52 9 86 39 68 96 23 64 64 95 11 92 64 62 39 63 22 8 93 56 16 79 79 44 21 92 50 34 87 1
86 74 20 89 45 33 100 60 40 51 49 1 20 72 58 98 93 9 63 100 12 40 12 49 86 93 55 33 92 79 25 65 29 27 83 43 40 9 62 2 80 71 47 80 65 93 85 6 82 8 18 79 94 93 56 7 30 87 4 53 17 11 56 71 89 85 50 20 62 32 97 1 37 32 68
45 39 31 43 54 73 4 54 46 95 95 90 41 21 77 43 62 40 46 5 16 28 8 94 15 75 48 6 71 0 21 74 48 18 89 50 11 46 86 3 16 3 25 22 47 72 8 18 96 70 91 47 43 27 81 21 45 46 60 98 29 86 56 90 60 23 61 82 84 63 82 39 67 20 3
98 54 68 34 79 66 92 75 0 74 84 91 82 62 44 25 40 64 77 19 48 22 77 45 13 4 74 36 45 3 78 4 54 56 99 93 83 32 8 15 48 33 23 90 50 10 7 32 20 23 62 16 60 8 40 74 71 26 5 69 35 17 52 57 42 3 18 74 11 55 68 8 1 25 40
27 51 32 48 27 53 45 53 21 27 3 32 17 14 55 98 51 34 15 53 62 12 72 23 90 2 36 37 18 86 45 69 45 68 18 5 99 34 70 59 57 23 40 9 39 29 28 39 28 95 54 71 83 8 18 54 24 2 24 24 34 81 61 83 84 71 7 55 86 19 77 25 50 50 48
9 33 67 93 39 80 88 29 27 85 59 78 80 3 80 39 76 79 2 91 29 66 67 61 48 39 76 8 51 73 72 87 7 98 5 9 48 87 69 48 87 19 80 31 95 36 66 66 81 60 47 77 14 92 93 93 24 0 97 18 52 36 6 14 49 49 26 3 5 12 99 62 73 44 48
67 99 84 41 85 52 92 90 36 31 21 84 33 0 28 18 93 7 55 13 66 66 1 41 20 46 70 17 32 88 33 78 91 82 64 39 25 91 63 54 14 30 67 24 7 23 25 9 88 35 17 97 41 49 3 69 99 30 85 61 93 9 62 88 86 99 82 84 93 6 77 38 20 99 61
86 24 78 100 7 45 95 6 96 66 54 80 37 19 46 87 63 69 33 31 13 17 66 50 54 10 90 60 17 77 17 96 29 22 64 6 84 3 78 10 8 25 50 66 89 88 35 20 59 27 64 31 28 74 86 100 14 12 23 13 70 82 96 7 38 60 14 31 12 74 45 58 63 31 56
26 92 52 14 81 8 15 90 18 96 55 23 56 52 91 58 32 73 63 60 1 13 84 82 20 25 9 89 41 43 13 57 92 26 4 21 0 66 18 68 56 49 2 42 77 69 3 71 4 58 9 85 28 45 68 94 60 78 4 25 15 22 22 58 3 21 67 96 74 94 5 15 23 4 80
71 12 25 45 41 19 51 25 23 5 21 42 7 68 36 33 49 41 92 22 15 19 99 96 26 32 38 0 94 98 24 7 23 16 29 4 99 76 79 73 76 49 48 41 7 85 24 65 80 90 66 58 29 29 28 54 7 75 74 12 54 11 36 80 11 22 32 88 6 89 23 99 37 55 76
2 2 54 83 91 51 15 58 14 80 1 95 79 39 73 57 14 67 99 85 39 36 23 95 45 95 37 31 55 41 87 93 95 92 91 73 35 67 96 92 34 29 27 68 3 60 87 69 9 5 30 8 58 25 77 1 27 60 17 20 61 65 10 18 93 51 17 17 87 61 60 31 41 40 36
15 43 78 66 79 8 100 97 87 64 10 38 52 87 94 78 58 41 14 11 56 41 35 55 39 71 81 85 9 86 83 17 58 9 42 7 12 65 90 36 39 69 4 25 24 45 67 22 91 60 26 6 79 44 44 13 85 56 62 24 67 3 24 50 50 71 24 95 98 1 20 94 62 80 66
44 67 14 34 55 55 32 70 73 53 61 60 76 99 96 35 10 3 34 74 27 24 48 78 58 46 55 50 29 34 55 55 47 74 85 3 48 32 100 0 10 54 16 42 68 2 67 39 38 45 63 67 9 64 23 45 90 40 95 51 86 74 81 13 26 12 41 39 68 32 66 1 46 55 68
62 96 14 2 12 47 46 38 98 10 81 83 63 25 37 5 100 14 25 78 52 71 54 99 20 66 47 61 76 79 11 29 86 92 8 7 88 1 87 49 7 85 16 50 97 0 84 11 45 97 53 8 11 92 46 57 69 31 28 79 56 33 22 81 64 18 13 6 24 92 96 46 25 64 37
35 22 39 47 25 83 83 64 22 62 19 78 63 81 96 91 63 37 45 47 7 18 46 49 81 67 31 97 50 14 50 25 15 23 93 13 84 82 70 17 24 62 8 78 60 4 29 0 71 100 52 20 20 16 73 88 85 99 48 66 49 72 49 89 89 54 21 37 21 7 9 85 94 86 75
77 93 11 67 100 50 54 86 25 68 28 18 46 8 90 8 28 56 6 58 84 66 48 33 32 99 39 50 6 13 100 49 95 56 37 38 95 53 53 92 53 25 17 8 6 45 14 86 70 59 29 40 84 55 49 99 53 51 80 68 8 91 81 64 0 25 8 33 54 62 32 83 2 57 79
17 69 62 92 55 94 27 84 82 28 17 87 99 76 9 83 77 62 65 16 34 41 29 7 49 22 39 52 64 77 54 23 2 32 86 12 30 37 0 10 27 65 59 36 41 22 10 73 28 60 88 12 96 36 43 90 27 52 79 62 28 30 6 22 46 13 88 51 50 6 80 87 54 59 7
2 38 75 48 28 100 87 77 0 5 60 5 8 86 42 13 8 59 70 48 37 87 68 85 67 97 52 9 15 80 4 90 46 14 89 10 43 14 31 56 60 41 34 88 99 15 14 93 10 97 56 36 51 46 51 29 78 42 94 41 52 87 100 53 49 9 82 94 54 74 86 68 72 85 68
83 19 23 23 85 84 38 13 8 67 11 98 15 36 20 6 7 100 53 92 89 46 82 13 67 99 30 68 18 73 45 74 98 78 12 14 67 15 96 30 61 82 4 29 8 61 82 42 39 7 96 40 12 22 74 0 14 76 83 76 20 62 98 17 74 13 98 72 98 22 37 48 46 53 77
35 81 16 87 33 3 12 36 0 18 88 60 50 86 61 12 100 19 37 16 63 87 27 7 40 94 11 21 77 29 94 24 48 83 89 96 57 69 79 29 27 90 26 47 6 57 7 19 75 35 85 26 44 88 33 32 30 9 29 31 49 38 96 79 92 67 46 89 6 2 54 87 41 62 93
75 11 78 90 27 0 86 13 5 37 66 40 91 8 79 81 44 25 67 31 80 92 9 34 15 83 32 88 45 15 81 62 76 3 43 21 32 48 8 67 78 23 68 57 51 47 72 100 29 6 99 14 54 60 18 98 37 32 31 25 98 59 85 15 38 25 29 10 85 74 94 63 38 4 41
15 62 44 82 76 54 35 92 100 41 35 13 1 83 15 95 92 41 54 19 9 91 91 95 56 86 28 58 12 48 4 64 84 35 27 94 7 28 49 22 11 55 83 0 65 16 94 16 2 0 54 32 39 37 24 92 61 85 66 61 88 0 3 66 80 21 90 92 3 93 47 40 48 76 81
49 89 47 26 71 43 10 73 34 81 67 21 9 0 73 42 4 83 45 56 84 21 67 10 53 1 27 19 33 50 44 87 3 73 61 24 11 12 96 94 72 83 28 97 12 52 71 80 90 66 39 47 13 59 86 90 4 0 79 96 63 82 62 95 53 65 12 1 40 37 100 0 94 91 64
99 92 60 2 61 13 25 29 43 78 53 92 100 71 86 30 40 23 98 65 82 57 32 29 94 22 34 30 62 96 93 87 82 35 52 69 84 30 21 40 14 94 28 94 36 52 60 49 80 72 81 72 100 54 99 85 33 21 22 47 1 77 69 62 73 71 69 70 53 62 67 49 71 40 30
46 57 34 88 10 66 13 45 99 36 23 91 2 14 90 70 81 22 21 89 56 67 88 42 52 41 60 54 75 11 93 7 75 69 55 93 61 67 71 49 93 27 48 84 27 69 43 72 74 62 70 12 43 96 65 69 71 50 14 99 15 68 15 48 60 64 55 84 30 58 69 46 10 58 58
96 34 80 15 2 55 3 77 22 15 66 36 89 22 11 35 87 56 66 38 60 65 88 78 48 55 32 63 48 70 63 30 98 60 86 11 84 30 74 3 96 75 1 11 83 71 47 47 93 51 69 12 3 23 10 41 9 90 43 76 53 55 89 42 84 90 41 73 8 32 58 56 41 66 89
68 17 90 2 57 19 51 14 70 93 18 4 8 68 84 16 0 81 88 78 66 24 90 92 59 48 83 16 72 65 90 92 92 5 17 61 89 94 10 34 79 31 19 51 80 21 1 90 48 98 97 58 12 71 45 84 99 64 21 35 71 41 59 75 39 64 8 58 40 30 11 95 93 43 66
95 63 100 6 5 52 35 62 24 56 91 14 82 10 0 59 9 17 64 17 28 23 86 5 87 6 28 79 9 44 47 80 54 8 25 67 39 70 76 99 41 46 62 42 36 73 52 2 67 61 48 55 77 27 62 22 67 68 4 30 3 53 17 96 84 33 3 46 39 40 26 80 89 62 55
6 96 54 47 77 59 59 59 94 72 73 96 23 36 21 98 49 75 49 54 27 12 93 14 65 63 19 90 77 97 97 58 83 42 48 70 83 32 68 36 96 5 68 77 43 42 47 80 3 90 77 26 55 39 72 42 66 4 91 49 18 39 94 71 90 73 8 6 100 43 65 52 18 28 19
38 77 82 76 83 9 7 13 70 94 19 79 49 92 3 86 16 57 84 18 61 72 50 27 65 78 15 74 27 47 6 86 25 35 53 57 53 6 51 14 26 53 80 85 13 10 86 23 27 100 64 74 63 46 3 5 24 34 53 68 97 83 68 59 23 27 39 56 56 90 35 72 34 13 18
86 73 11 72 32 29 3 99 70 9 41 0 66 26 39 19 21 67 9 23 2 54 92 34 12 17 21 57 28 9 65 8 62 2 42 30 90 9 81 0 96 1 41 54 20 51 78 50 92 7 50 71 67 18 2 34 32 15 9 75 10 69 52 14 19 62 83 54 30 45 7 48 63 93 60
3 46 55 31 51 59 49 83 45 32 84 25 49 68 23 82 100 95 76 80 63 89 46 83 86 61 49 49 9 91 61 88 80 23 6 62 98 83 51 4 69 86 31 41 98 68 73 15 49 92 13 37 69 7 36 49 60 5 91 34 61 10 3 95 3 61 5 27 17 73 80 30 59 39 51
65 83 11 56 83 27 61 39 86 98 29 27 52 79 35 78 36 77 76 74 71 84 9 53 89 21 41 32 36 77 35 16 22 41 97 75 63 87 8 37 3 65 1 4 12 48 14 33 89 86 53 18 27 71 38 99 22 12 22 54 25 80 14 100 91 54 30 75 18 69 11 97 59 3 55
53 78 18 94 32 18 5 53 18 30 7 41 91 50 88 24 78 99 19 56 57 83 63 30 92 56 79 0 53 49 98 48 64 52 63 5 40 21 76 95 56 100 1 5 72 48 54 15 82 93 92 59 87 99 85 77 78 84 98 30 44 77 41 36 89 56 34 4 69 86 66 34 89 95 19
72 74 58 93 95 75 58 77 97 83 21 80 33 2 65 26 4 35 20 28 10 31 87 51 86 63 21 91 26 17 21 1 35 73 86 25 47 45 55 73 45 49 69 75 34 1 17 48 58 83 1 28 98 76 14 68 75 38 85 48 16 21 42 3 56 29 67 6 56 50 8 24 76 4 59
5 62 10 93 6 73 48 86 3 0 4 11 59 41 8 48 1 17 82 38 80 68 69 61 91 28 25 7 80 12 91 56 24 52 34 47 36 46 60 79 62 14 10 98 55 5 8 96 76 4 27 91 25 7 96 4 60 90 66 47 92 12 21 48 90 61 81 81 100 93 60 50 78 87 1
80 76 31 48 77 68 59 51 85 84 93 30 1 5 83 14 51 52 21 76 2 65 30 2 60 73 36 76 21 13 77 7 43 59 15 4 83 49 50 1 79 23 61 49 16 29 99 8 92 66 59 20 99 79 5 52 29 90 26 97 67 65 69 11 65 80 21 36 37 75 57 78 91 61 16
47 11 75 88 13 96 44 89 5 92 44 68 88 76 43 36 66 19 46 10 97 45 8 38 37 57 27 54 65 95 41 48 53 3 28 85 0 62 66 50 5 80 50 72 38 80 53 35 35 32 90 94 75 54 57 77 48 81 9 72 11 0 58 53 69 13 6 45 2 45 38 95 34 80 88
17 50 91 58 29 61 55 1 16 20 75 23 91 7 91 75 98 39 56 40 4 94 29 52 100 68 30 64 36 16 43 53 95 35 15 93 26 40 36 58 29 89 23 12 9 37 41 14 27 24 7 1 98 72 46 29 51 3 66 27 3 33 48 76 71 16 74 6 84 59 90 38 2 20 18
8 63 15 2 77 90 79 18 83 11 43 23 31 69 84 40 50 13 69 79 92 52 42 0 85 4 28 51 56 59 34 9 59 78 96 73 56 100 47 98 11 2 86 15 23 52 54 93 0 71 23 19 57 52 1 76 61 18 83 71 63 24 8 45 35 66 53 98 93 98 50 82 55 27 31
4 69 5 34 39 46 18 33 76 81 82 83 63 99 56 74 53 65 68 86 86 80 19 16 62 99 68 56 3 29 81 24 16 73 32 89 53 39 36 64 84 16 83 48 97 28 96 37 69 95 32 87 38 46 88 70 100 21 78 47 24 99 24 85 77 85 28 1 69 87 56 85 53 57 13
52 3 86 22 40 47 2 95 60 39 36 10 21 29 90 39 12 19 55 9 68 28 66 64 12 41 93 5 59 16 5 42 85 25 39 15 90 93 86 94 27 2 17 49 0 5 40 100 12 5 43 6 39 61 72 31 35 68 73 81 42 76 90 98 91 85 45 26 96 59 0 50 70 3 64
17 97 29 87 48 69 96 40 86 10 99 4 64 4 34 55 99 99 43 24 90 70 52 77 10 31 3 84 20 72 86 39 63 90 95 26 10 74 14 17 84 77 47 9 83 43 59 83 81 52 43 40 87 6 56 40 42 50 29 54 27 0 84 93 60 63 46 100 24 69 26 47 85 23 67
20 0 23 42 57 39 41 59 80 20 71 22 40 85 68 46 53 44 32 49 17 43 13 92 30 48 22 12 98 68 70 55 57 67 33 26 31 75 32 42 57 20 26 9 30 42 24 3 14 69 41 52 83 2 65 41 87 16 1 14 78 6 88 99 74 18 0 79 72 38 51 77 78 77 33
7 13 46 82 33 18 97 30 72 73 12 58 1 74 77 90 82 17 63 56 19 70 13 62 34 1 59 34 73 23 79 39 81 97 81 70 69 8 24 43 12 82 75 99 87 26 17 62 86 78 64 14 72 15 38 74 65 93 23 18 61 6 83 50 14 63 88 82 22 9 74 98 61 20 46
88 20 58 53 97 63 76 88 85 15 97 80 0 17 81 38 27 90 14 33 42 66 13 50 22 78 51 0 49 72 46 65 60 53 79 72 93 38 11 95 37 70 38 79 57 14 74 55 61 96 72 26 7 10 98 28 38 73 65 10 3 12 85 83 39 81 2 35 42 58 41 4 100 94 47
62 20 70 79 3 53 22 7 86 83 44 92 39 26 23 14 35 83 54 77 56 77 34 72 57 39 33 38 55 29 56 92 64 70 78 12 52 32 39 50 64 71 48 80 4 57 54 34 34 61 29 50 56 10 29 50 96 66 100 32 43 74 99 76 41 68 92 38 97 84 13 83 10 2 2
78 34 43 0 6 27 51 88 24 81 33 64 44 100 24 86 57 11 95 10 5 0 35 20 48 95 68 47 34 4 45 41 75 35 0 43 92 30 95 52 80 44 22 20 95 17 40 35 43 52 62 24 7 39 91 13 60 37 71 3 21 25 65 4 80 96 42 7 98 40 94 0 85 70 75
89 90 66 21 87 83 66 68 29 48 16 88 64 85 53 67 42 49 78 73 4 86 38 21 54 92 50 89 9 4 34 23 15 67 77 1 70 4 9 73 82 86 85 52 13 8 4 49 65 99 67 75 57 41 17 36 26 1 68 22 83 4 23 6 96 9 80 76 47 86 18 1 33 10 62
54 87 26 25 85 22 3 73 99 44 98 12 88 76 58 81 31 39 22 80 40 11 11 77 91 82 71 90 10 98 88 74 63 88 77 8 79 67 87 80 69 23 74 14 1 13 93 42 84 23 41 38 72 97 25 62 53 9 24 1 90 86 30 99 81 56 37 66 13 68 79 57 47 26 19
68 49 33 24 68 47 8 63 71 7 33 23 8 35 49 2 56 62 28 8 48 49 31 15 68 28 80 41 72 73 10 67 38 76 17 69 86 62 55 80 65 20 7 66 8 40 71 60 10 34 73 35 20 72 72 11 98 0 60 13 43 57 91 42 46 64 87 67 36 80 51 24 6 77 72
40 74 64 81 77 80 17 29 30 71 61 68 8 46 20 35 39 72 4 9 72 62 36 77 94 30 58 6 30 84 9 7 94 65 92 27 33 88 41 2 71 89 2 71 62 45 79 98 42 100 0 100 89 60 85 22 24 98 16 56 41 27 55 79 27 36 25 63 89 74 50 58 98 83 27
46 12 46 83 7 2 27 3 42 61 39 27 34 24 61 55 95 49 79 76 78 14 48 86 44 34 50 33 6 76 18 69 90 26 98 66 56 73 92 20 57 19 68 89 96 14 28 53 35 53 30 31 68 76 65 95 34 99 69 75 70 82 55 53 82 34 59 23 15 68 79 54 79 6 86
8 57 86 64 61 42 89 75 19 91 10 40 85 19 75 6 12 93 39 100 11 1 55 48 80 30 84 81 26 72 84 0 35 60 96 40 88 56 69 53 39 39 67 23 17 50 4 38 66 46 37 67 81 83 88 28 39 2 47 63 30 69 12 74 25 9 75 62 98 62 9 56 68 51 28
20 71 88 6 32 37 74 85 72 82 19 27 32 85 82 72 96 87 4 96 97 45 0 16 41 26 30 2 37 41 40 45 44 94 76 68 15 70 88 93 37 14 25 62 58 9 57 11 21 53 7 10 83 27 75 24 53 3 30 38 41 1 80 56 92 10 97 13 69 54 14 97 92 16 62
7 33 93 76 54 4 27 71 7 61 84 88 71 14 67 29 32 15 48 25 72 17 18 62 45 7 92 73 67 35 41 29 81 41 95 49 32 22 26 63 15 25 41 32 86 74 10 20 92 98 48 29 63 19 5 14 60 14 38 43 75 91 13 81 37 52 91 46 4 19 79 56 72 1 34
83 36 7 35 72 10 0 84 86 53 17 22 33 75 68 0 75 97 7 82 92 70 3 80 57 83 14 39 61 85 82 74 91 45 33 94 62 50 48 46 42 60 59 53 52 45 56 6 85 5 58 14 43 84 73 88 45 93 83 93 37 35 17 67 26 55 13 46 9 10 61 23 70 61 40
85 66 34 29 61 60 90 48 56 12 32 82 72 59 55 27 31 70 58 91 91 46 23 41 29 25 89 97 77 95 26 25 5 72 29 66 69 43 18 11 43 28 31 23 32 90 41 47 59 67 93 85 22 99 89 54 12 60 52 16 37 58 29 35 99 94 15 28 25 92 43 28 48 36 27
18 37 10 19 86 9 62 98 69 96 38 41 13 29 99 98 55 39 15 12 86 40 60 41 78 17 80 79 37 50 0 46 30 1 0 29 39 10 36 20 44 17 82 61 6 50 14 85 49 88 77 8 84 40 77 83 0 56 4 5 13 44 42 78 47 20 37 64 73 94 57 81 86 78 31
58 50 22 79 78 62 88 24 81 3 0 26 14 16 62 57 48 96 88 34 13 56 56 50 5 50 15 71 70 30 92 46 17 36 32 19 8 28 34 65 34 40 99 72 2 83 69 69 57 92 91 6 34 86 71 63 40 31 36 3 76 74 84 25 53 41 80 93 42 54 67 41 64 87 45
21 47 26 0 83 53 73 74 87 62 60 32 85 23 42 80 9 75 64 9 92 51 80 35 53 77 49 0 100 60 29 65 27 82 56 81 44 34 14 92 84 50 23 31 19 75 28 83 55 42 42 46 42 84 94 60 7 74 91 75 10 30 2 15 26 65 52 85 34 83 7 82 19 21 33
36 15 46 44 72 20 90 47 17 28 45 45 48 42 25 3 13 77 79 26 49 33 6 37 65 83 13 23 69 44 32 75 65 4 78 80 38 89 24 14 99 72 90 15 99 69 80 52 44 84 31 85 43 3 5 85 76 47 41 96 39 81 26 10 13 7 32 78 70 40 66 97 31 50 94
52 28 4 11 19 0 28 51 42 49 72 76 90 62 46 24 72 25 66 83 65 39 28 84 82 60 65 87 26 8 6 68 35 71 90 57 60 46 68 61 8 31 42 100 75 35 15 38 31 79 34 28 21 6 47 32 11 30 43 13 60 46 10 85 76 14 43 33 9 8 87 26 3 55 37
23 26 56 25 49 86 72 70 25 29 77 65 39 52 56 59 6 98 16 8 71 41 91 20 28 78 48 11 83 67 72 63 65 74 7 74 3 53 2 44 55 0 12 78 65 32 40 39 69 46 11 89 74 91 51 73 87 43 33 70 22 67 97 44 94 6 59 37 51 29 49 91 67 96 54
69 2 68 97 91 13 71 89 0 95 55 80 88 54 73 45 19 36 10 36 16 96 87 0 69 54 29 99 35 83 27 65 86 28 39 4 57 53 22 26 82 81 60 30 69 9 72 25 30 18 81 31 0 93 67 1 41 34 86 41 64 42 14 28 97 27 21 78 18 74 89 97 2 6 75
34 90 2 47 19 71 0 59 40 93 33 90 59 46 91 43 77 71 91 66 69 86 84 65 50 98 68 45 9 39 91 83 72 63 6 2 22 71 96 33 81 43 15 28 52 34 85 24 80 88 37 79 6 45 39 25 62 21 52 21 85 92 96 86 55 9 11 9 76 9 74 94 75 66 16
12 89 52 82 60 62 13 42 40 25 25 73 21 87 87 99 90 7 58 46 90 79 11 7 28 87 49 84 87 42 0 54 42 74 7 98 5 18 82 40 86 39 6 98 94 77 15 40 0 45 21 14 62 96 78 27 3 70 69 95 12 7 54 26 93 58 36 24 87 24 43 60 72 2 72
73 4 81 1 23 87 67 8 66 27 81 17 22 12 59 8 46 54 20 73 28 72 24 34 83 11 59 46 7 90 52 67 21 67 77 80 32 39 93 26 6 50 98 44 13 59 10 52 85 79 11 13 65 71 27 78 90 86 13 63 16 81 69 7 78 31 77 56 88 66 6 81 36 89 58
92 64 62 64 40 89 29 15 9 52 90 24 63 66 21 70 79 81 36 43 40 78 54 44 83 34 70 48 89 84 91 45 21 49 93 79 23 28 15 53 7 10 55 6 78 34 61 29 67 78 13 91 78 55 51 6 77 3 86 28 29 88 16 70 74 74 78 30 75 50 6 71 91 25 93
62 54 16 5 10 81 53 29 21 12 10 98 17 25 8 81 70 56 55 90 75 66 65 37 81 29 78 40 46 66 35 39 77 96 22 81 38 95 52 62 91 18 2 94 23 52 20 55 1 98 37 97 89 3 25 76 76 72 82 72 29 16 55 86 2 61 17 91 48 41 6 81 8 37 78
29 91 96 18 86 9 14 23 88 46 40 51 21 98 62 0 97 86 40 39 2 17 54 21 31 30 98 60 78 13 13 64 27 28 15 30 13 94 8 32 89 82 2 18 78 84 37 94 41 21 74 43 98 24 9 50 80 45 18 48 53 80 25 5 2 70 58 22 5 100 36 52 19 64 42
42 43 45 17 55 72 56 32 33 83 99 29 94 58 42 59 66 65 64 64 49 69 5 28 66 24 41 80 62 97 98 78 7 74 39 40 52 21 42 60 10 22 94 80 88 53 62 80 85 86 60 41 17 88 91 1 68 100 70 17 47 80 6 58 72 72 90 58 35 73 21 3 54 2 22
63 18 97 26 94 74 77 67 47 81 41 90 93 67 48 93 53 22 92 86 77 38 31 53 32 99 42 36 98 97 64 49 22 62 42 2 69 41 47 48 38 17 10 77 47 27 30 66 89 3 18 59 78 70 17 6 53 24 71 34 41 81 85 5 72 78 2 15 99 22 69 26 21 34 72
61 66 55 49 94 54 71 6 7 57 9 97 77 51 99 98 52 75 80 95 86 54 4 26 24 42 54 6 41 5 71 98 8 62 58 58 42 74 12 5 42 34 53 33 85 3 1 78 81 51 60 97 83 24 35 60 65 67 50 95 84 81 51 45 3 69 43 72 26 87 34 94 93 35 15
47 61 91 73 45 31 99 61 88 80 40 65 6 19 29 16 71 93 82 49 11 46 76 58 82 20 16 5 6 20 53 42 31 100 48 26 26 17 100 6 18 98 53 26 38 35 81 96 24 4 4 91 18 14 77 98 26 91 45 58 49 66 50 54 3 38 52 75 52 69 26 86 68 53 32
14 32 77 48 16 93 30 16 46 77 78 46 31 24 89 7 83 75 49 35 16 69 94 96 8 14 68 30 30 70 22 49 55 82 91 29 12 34 5 32 79 57 88 46 80 77 52 62 18 67 38 5 76 12 86 37 10 51 16 59 96 12 18 18 86 73 1 43 68 69 41 25 7 10 47
41 32 82 53 44 68 69 40 84 82 35 70 79 64 24 49 18 84 99 59 0 99 50 91 91 91 75 79 24 15 69 21 84 40 29 28 51 29 44 26 61 12 27 10 60 74 18 55 42 27 43 63 9 58 37 55 41 85 0 45 49 31 25 43 83 16 19 58 4 25 37 53 56 18 87
26 40 57 19 90 67 3 97 36 36 49 82 55 2 79 18 94 33 80 53 64 89 66 76 76 65 78 16 27 3 19 88 44 91 52 67 47 71 79 88 82 83 85 50 26 79 10 66 72 84 83 96 86 3 59 59 25 29 45 61 89 2 0 56 58 2 19 38 9 19 84 89 63 47 47
71 43 84 93 24 88 61 10 49 82 14 90 24 99 39 82 56 40 58 17 97 93 44 49 80 84 60 29 70 42 93 37 35 30 76 18 41 64 53 63 93 92 14 15 48 63 97 79 51 9 94 13 34 31 67 0 81 41 91 1 89 92 33 99 60 32 26 54 18 27 81 18 74 3 0
86 60 68 23 59 24 2 52 17 25 82 20 65 27 45 41 98 2 90 58 20 41 9 41 53 72 19 66 90 36 6 96 36 84 61 7 96 56 81 43 92 77 77 18 57 29 88 8 56 3 8 63 48 25 40 24 62 55 33 1 23 98 11 60 14 70 32 61 9 25 27 79 1 73 78
52 41 90 76 12 35 4 45 39 14 86 92 56 13 77 48 18 78 40 30 3 85 92 63 50 26 96 57 95 8 34 77 23 1 98 96 58 42 41 5 29 22 64 41 98 23 53 70 54 30 68 21 27 61 49 92 38 100 82 3 51 34 6 12 50 22 46 14 1 29 26 89 24 84 15
81 99 7 61 71 84 77 25 64 87 61 79 44 17 21 33 5 40 11 23 66 78 23 97 54 90 80 17 83 90 47 5 56 39 21 70 69 40 60 15 84 45 66 74 60 66 88 60 10 52 26 10 79 40 2 20 84 66 38 18 70 42 23 93 97 87 44 26 68 33 80 69 11 88 65
68 15 0 2 90 37 65 60 89 3 19 3 39 35 83 71 67 95 75 75 38 84 40 22 46 1 54 69 77 28 38 51 86 39 78 36 92 90 69 15 40 37 12 99 6 0 49 74 99 15 57 86 49 100 4 9 100 14 5 6 55 17 37 47 79 8 32 28 17 53 51 52 26 44 19
55 14 71 54 8 23 22 64 36 56 68 40 11 49 47 76 0 34 86 92 16 21 96 37 1 82 95 17 80 64 85 50 40 11 78 14 82 96 29 9 65 22 100 66 33 82 75 38 19 33 41 61 38 39 40 74 37 1 39 82 29 28 28 18 85 63 58 39 78 16 5 75 2 82 85
