969 30
16 99 27 95 88 69 30 22 38 18 89 62 29 76 34 16 20 93 82 43 11 30 51 61 57 91 89 54 67 51
99 20 76 62 34 44 20 66 31 40 23 46 61 28 78 67 63 98 92 55 0 35 73 88 15 4 45 9 35 91
13 10 38 67 36 93 84 22 25 73 39 89 100 29 19 14 63 2 88 21 50 18 48 95 93 17 41 90 13 5
3 50 13 77 54 57 60 11 58 40 54 81 22 15 50 8 88 95 2 57 32 100 72 18 80 12 43 15 35 68
51 58 31 49 57 19 17 67 39 48 62 37 56 35 77 80 3 10 81 97 17 10 69 21 71 47 48 99 88 43
4 71 59 40 58 96 81 57 50 87 20 51 23 40 13 98 42 48 100 61 76 34 67 92 61 93 71 87 93 39
25 62 65 12 25 52 93 28 78 66 91 61 17 45 91 53 40 87 73 22 62 67 72 64 14 36 24 57 54 96
52 20 55 98 85 7 85 49 52 14 29 24 49 82 83 73 22 57 56 49 23 71 49 51 62 75 82 65 25 2
77 90 11 87 79 2 21 22 99 32 28 72 97 76 56 48 37 77 16 77 18 93 36 76 39 57 16 5 93 21
57 78 61 22 19 83 10 59 30 63 54 80 14 40 72 80 62 20 0 25 53 14 57 1 8 14 99 38 70 49
81 58 79 33 15 93 61 42 42 56 78 74 85 70 49 90 67 10 51 40 54 46 43 10 53 57 21 56 71 20
52 81 77 33 62 40 24 74 8 96 5 86 28 24 99 57 86 8 23 27 87 61 97 57 23 10 21 8 22 3
45 44 85 93 0 46 53 35 63 41 94 75 71 40 34 70 79 75 74 22 96 75 41 31 48 88 22 73 94 66
95 29 11 100 53 76 88 15 2 67 24 51 85 38 69 41 83 98 8 11 2 58 9 56 64 85 18 83 78 92
20 69 96 20 56 48 73 33 65 44 28 85 91 52 26 77 80 14 84 20 17 21 90 31 45 83 7 30 91 46
9 0 57 18 8 27 19 44 9 96 55 52 15 43 2 28 31 2 76 24 68 35 57 82 33 81 84 88 59 22
79 4 13 53 9 64 84 9 40 15 58 13 49 97 8 14 81 9 94 79 25 54 50 28 51 1 96 90 0 39
75 24 64 9 30 56 54 81 91 56 87 86 44 4 87 60 51 35 59 82 8 76 92 0 39 70 72 87 38 21
38 19 87 49 11 85 11 6 34 21 89 71 27 35 76 97 89 75 44 4 9 4 64 14 26 97 27 82 97 55
53 49 65 62 22 21 52 99 48 17 29 22 99 80 55 60 72 90 82 73 28 10 19 64 100 34 31 87 59 18
15 39 92 79 45 51 87 44 71 30 69 20 75 0 68 1 19 64 32 88 57 80 86 66 74 56 39 56 74 89
28 86 31 48 32 24 2 32 41 7 19 74 100 12 87 50 27 87 48 73 42 67 47 13 45 44 7 41 100 27
35 69 99 48 44 43 5 76 84 12 37 26 44 8 31 89 7 45 64 72 22 23 76 15 48 43 27 69 81 69
95 14 18 59 91 0 55 76 26 57 51 80 14 10 15 2 32 43 36 3 80 42 12 2 20 5 9 12 7 24
98 33 32 80 20 88 68 81 39 44 34 78 42 15 97 41 60 100 76 22 44 48 96 80 93 2 90 44 6 82
59 26 70 70 17 54 80 47 61 48 22 54 23 33 53 71 90 47 12 87 72 98 42 17 22 44 11 35 16 9
16 64 50 44 47 15 15 76 49 34 46 23 49 15 62 55 67 16 56 76 43 89 30 56 18 19 70 39 67 78
18 9 14 96 71 57 62 48 6 74 88 91 27 56 23 79 27 67 21 91 50 42 58 94 45 48 76 41 65 92
48 41 63 13 80 64 2 65 27 98 6 15 63 0 68 38 12 65 62 2 48 66 43 79 48 56 84 55 72 23
99 55 61 51 77 78 33 4 53 99 6 28 70 11 1 70 83 17 64 94 11 0 100 29 73 65 98 12 15 98
94 46 83 53 42 19 69 83 84 100 78 48 64 27 58 40 60 60 36 17 54 91 36 37 94 95 7 70 6 38
50 32 21 40 19 7 61 21 5 25 95 24 86 90 81 55 62 40 84 83 60 64 16 59 96 78 80 20 9 76
91 23 52 18 56 78 79 90 65 12 76 64 53 3 11 52 34 36 90 15 39 20 61 46 77 28 3 55 78 95
26 74 21 19 91 64 18 44 27 49 24 41 37 68 82 79 31 81 83 66 71 45 94 19 75 3 27 58 0 99
83 41 12 85 16 100 10 16 47 46 43 66 95 56 78 41 82 79 14 31 76 29 22 69 47 7 52 71 86 35
100 3 1 72 87 96 65 49 4 78 27 22 56 4 57 93 63 74 80 87 76 77 47 76 68 7 22 30 80 57
13 26 75 36 27 52 33 81 66 0 1 97 76 85 94 58 15 71 81 37 43 33 50 86 40 86 49 63 14 89
42 65 0 52 51 3 41 70 69 68 75 71 71 65 95 15 83 69 77 75 76 33 92 47 100 12 28 18 27 36
39 92 58 51 33 90 47 50 70 27 68 82 54 55 1 98 39 57 57 39 16 78 68 53 65 93 65 87 5 35
60 25 100 3 12 61 77 15 8 67 26 7 65 35 90 22 75 49 20 63 68 16 43 16 57 12 2 2 76 72
96 84 59 83 45 88 67 87 63 43 10 97 100 0 61 78 13 71 9 87 52 58 73 39 37 98 56 49 51 66
84 28 74 2 22 15 7 68 18 39 55 40 61 24 83 69 84 30 47 38 17 47 10 81 30 72 14 84 39 24
45 85 17 54 90 64 26 14 33 86 92 80 12 72 89 77 67 96 37 44 50 67 13 47 47 73 89 97 6 55
46 89 90 68 53 10 53 22 25 77 70 85 60 64 55 66 63 19 42 99 100 70 5 66 97 29 35 29 78 52
6 43 89 1 38 42 65 24 28 70 43 67 60 20 91 32 96 50 78 70 82 51 44 92 97 51 40 60 4 78
89 64 92 30 21 70 52 55 9 67 27 48 78 57 47 75 7 88 49 6 45 75 85 54 37 13 68 0 32 92
43 30 92 29 23 8 81 73 26 96 9 38 100 44 0 88 39 23 79 62 45 23 35 85 8 23 100 32 59 34
59 53 96 0 6 47 42 76 37 59 15 46 26 53 12 99 93 77 76 59 7 69 59 59 52 88 19 4 3 29
71 97 55 22 87 98 22 89 30 14 98 29 22 86 66 8 54 71 92 91 32 17 99 15 7 16 95 71 1 82
56 92 86 53 100 6 15 80 69 66 92 3 81 99 11 28 26 1 2 27 43 77 45 37 55 99 78 10 1 79
27 11 26 73 94 94 52 88 1 97 25 22 54 70 32 87 8 2 21 90 51 4 48 90 42 13 87 1 27 40
57 90 75 80 7 48 64 51 84 21 48 84 52 39 80 85 44 98 52 29 65 48 60 73 22 42 93 8 46 86
9 72 27 58 77 9 91 45 38 37 100 58 39 46 39 79 88 11 56 22 22 90 5 65 75 54 11 57 16 66
77 42 77 100 12 93 49 83 3 96 99 30 79 85 35 19 87 58 61 37 51 70 85 90 65 54 31 37 2 93
64 68 50 9 24 77 83 0 100 53 49 95 52 38 43 69 16 68 24 91 89 45 75 83 22 77 32 81 2 39
25 28 29 85 64 35 82 64 40 85 82 43 17 95 1 9 19 83 86 2 40 59 46 86 97 79 10 8 32 93
6 10 74 69 11 38 77 76 35 82 66 83 20 3 25 85 63 53 13 42 50 39 51 96 44 93 95 57 47 77
42 91 44 78 6 53 56 76 93 83 29 88 62 41 86 68 27 39 47 75 66 55 83 9 33 35 23 39 79 94
35 15 10 31 100 60 43 94 17 36 18 81 75 80 15 27 23 37 17 28 49 70 79 18 43 21 45 31 46 3
60 14 19 89 96 80 91 11 60 36 60 83 97 64 87 15 72 65 62 82 60 44 13 96 36 55 96 17 89 7
43 9 59 98 53 50 5 41 48 98 14 91 43 55 68 11 72 13 97 37 93 71 33 72 31 0 33 59 90 34
17 52 21 52 15 73 35 47 27 2 61 78 59 43 35 63 24 87 23 55 59 58 50 83 54 4 88 45 96 20
35 79 64 69 41 34 83 46 38 21 100 18 57 6 9 68 65 47 46 8 0 5 10 68 21 41 46 41 10 36
52 58 30 36 45 80 88 86 67 82 90 92 65 26 3 32 94 17 0 66 92 32 53 54 12 70 49 78 26 83
31 66 7 74 57 86 35 34 1 51 1 91 47 28 12 62 52 56 59 96 44 76 11 39 40 13 25 43 76 68
6 50 4 46 47 97 57 17 83 99 85 17 36 51 53 67 65 36 65 11 46 4 31 56 76 100 61 87 46 57
33 62 8 14 50 58 35 48 87 36 56 40 65 84 15 3 28 14 69 50 89 70 65 84 100 34 35 65 8 65
23 87 22 1 16 31 15 67 33 49 95 100 47 100 18 49 34 38 85 81 36 69 31 82 72 26 96 69 10 3
79 89 84 21 0 41 55 40 58 92 24 66 21 18 52 6 95 11 11 86 10 85 23 79 3 73 56 62 83 78
11 44 77 88 9 59 7 87 46 39 43 95 8 68 64 14 69 9 67 32 40 23 96 80 56 16 94 11 58 82
40 36 73 98 45 74 45 19 90 37 35 32 38 100 60 40 54 20 40 92 35 15 81 84 58 50 74 28 68 61
22 13 71 55 61 38 44 69 9 4 85 39 47 74 11 19 5 94 67 7 9 74 74 10 49 12 34 36 95 27
23 27 30 91 10 49 65 69 12 71 92 78 20 33 99 63 4 41 100 38 63 3 76 93 70 6 12 27 86 39
86 57 37 71 2 0 21 27 74 2 39 30 25 52 32 68 20 12 35 60 82 33 41 84 33 80 45 62 87 68
87 34 28 48 23 66 11 60 11 14 43 2 46 73 82 47 12 28 45 43 81 41 49 50 88 30 88 53 44 85
23 26 83 14 32 24 11 100 18 87 57 47 31 24 91 27 53 48 71 18 2 60 51 27 43 61 29 50 94 21
48 29 23 71 50 95 92 53 51 86 78 93 21 13 33 12 40 44 90 17 43 50 93 14 99 100 80 51 61 64
49 1 6 55 5 75 14 62 94 14 89 36 53 10 96 32 43 47 65 98 78 56 54 24 94 33 66 39 37 25
38 12 95 73 42 82 54 73 87 81 4 20 49 39 80 91 49 6 48 5 86 76 97 45 13 80 3 54 65 99
81 23 2 6 76 71 90 21 71 19 24 92 82 3 52 68 54 73 93 94 79 49 1 7 12 81 68 77 52 15
91 33 1 22 7 57 47 28 48 15 30 35 93 56 35 31 10 26 0 4 92 40 8 11 34 82 97 47 97 79
80 41 37 83 58 72 51 84 43 92 51 23 50 45 75 91 39 11 13 3 20 26 31 6 91 98 2 95 45 48
89 17 65 50 48 60 61 36 95 77 63 94 81 92 66 37 36 51 5 15 20 57 19 54 96 2 52 26 46 84
63 25 57 34 92 70 42 57 79 22 45 97 50 98 63 21 77 23 45 20 33 90 73 33 94 52 3 72 28 6
49 83 48 93 37 54 64 88 51 42 37 4 51 6 0 26 27 16 25 5 40 98 65 90 12 69 13 30 46 70
24 52 41 9 51 31 44 7 23 28 89 57 99 7 5 56 90 83 74 81 73 52 35 60 68 54 2 69 58 12
86 33 93 27 43 23 6 31 22 28 72 67 63 75 49 4 75 0 64 93 12 3 41 28 2 37 26 100 56 82
56 16 13 45 11 80 37 49 2 6 97 88 14 43 90 50 88 21 6 74 88 59 7 76 30 66 48 61 41 89
82 73 4 78 8 58 81 7 72 8 80 16 61 52 73 92 92 24 85 12 54 90 100 72 30 89 53 65 13 55
6 34 38 27 94 45 93 54 91 78 10 83 67 97 93 28 31 90 38 19 86 77 89 41 74 47 75 82 66 100
13 96 46 57 86 61 93 85 100 5 0 9 99 45 98 47 10 92 66 68 65 16 91 41 90 4 21 43 83 49
25 32 36 12 0 69 100 97 21 86 75 21 43 28 97 100 42 26 46 80 83 20 95 57 69 31 69 8 32 82
66 77 37 77 17 78 45 2 64 44 100 28 34 66 51 88 33 99 25 51 77 7 7 98 72 31 81 14 91 55
53 36 9 92 64 60 80 46 37 47 62 26 61 37 54 71 19 99 75 51 47 58 61 12 9 89 57 51 61 35
64 16 83 97 55 32 32 40 62 37 31 99 22 82 99 8 69 79 67 83 58 70 86 56 75 17 99 94 37 38
23 13 26 56 58 18 77 17 68 34 58 98 20 0 36 46 84 90 93 9 32 37 12 1 100 25 76 75 6 15
1 48 91 1 85 87 82 91 87 63 86 94 4 55 17 21 94 84 1 20 9 40 14 52 55 75 15 47 92 46
47 8 44 72 42 90 22 91 47 45 68 4 19 37 51 67 28 68 55 88 21 94 36 24 61 42 99 18 98 54
26 18 25 24 78 10 40 21 19 12 4 85 30 66 63 52 14 52 93 38 29 83 90 33 92 24 62 62 40 94
12 80 11 36 54 53 36 31 68 58 83 67 7 69 25 64 29 35 60 34 43 4 7 12 4 48 16 14 92 17
79 80 10 94 65 60 16 27 31 19 19 65 49 20 89 6 39 91 38 69 88 42 62 54 73 57 59 23 12 83
84 94 69 13 37 85 11 39 62 82 21 88 0 74 72 29 77 83 76 46 31 45 86 84 6 30 56 76 93 45
30 59 31 24 1 0 73 32 96 27 13 32 37 65 86 57 15 55 58 79 66 0 61 45 26 69 87 12 24 67
60 57 97 68 4 37 67 76 65 8 57 63 31 13 29 0 34 76 0 84 26 64 15 53 34 76 25 92 40 69
35 45 43 14 66 24 87 26 79 13 36 19 57 48 70 100 3 1 100 82 84 83 92 72 95 57 36 65 22 98
47 49 36 100 98 82 5 82 67 33 82 100 53 88 9 35 80 21 50 5 75 77 73 80 84 4 59 80 57 13
73 86 13 24 84 57 98 86 5 94 53 99 87 5 13 21 98 19 2 16 90 84 33 16 24 34 18 0 92 19
58 71 12 3 75 27 23 34 98 79 29 23 59 89 11 40 0 83 63 48 65 21 55 27 61 95 13 41 84 71
16 82 98 33 93 87 7 69 0 22 19 17 89 94 94 32 17 53 65 81 78 10 92 25 81 47 85 11 10 35
20 93 57 72 74 28 21 75 54 20 76 71 10 45 24 20 31 93 92 15 51 86 75 16 12 72 95 65 91 30
7 10 46 82 49 88 49 7 32 20 71 22 26 28 44 19 37 71 33 14 42 11 73 81 0 63 58 49 2 18
51 82 81 67 77 37 41 1 39 91 49 94 69 54 94 74 96 44 58 27 1 44 76 80 5 51 87 51 50 54
64 84 97 91 4 53 47 27 73 68 65 90 77 9 20 54 21 30 18 76 45 8 18 20 42 49 49 63 30 35
10 33 60 57 2 50 58 52 89 21 29 52 77 56 40 18 47 1 67 98 85 99 66 95 14 62 49 97 66 79
16 67 90 93 4 34 29 79 62 36 0 46 6 31 6 48 33 78 40 29 38 69 49 14 34 69 54 54 51 84
93 9 51 47 38 80 58 48 18 36 33 92 91 53 35 26 97 82 67 75 96 27 40 1 71 69 85 5 12 19
41 15 18 25 43 58 16 44 88 44 17 74 31 18 96 2 60 96 98 4 75 28 1 49 62 100 37 65 89 100
73 69 87 48 74 34 69 26 99 31 30 54 34 72 74 90 73 7 94 3 77 91 44 14 28 68 34 74 34 60
58 31 24 78 83 86 21 23 80 99 64 36 50 8 100 42 94 38 58 37 58 90 60 13 14 75 78 72 38 49
9 26 23 3 1 71 94 52 46 14 32 98 83 7 24 43 83 30 0 48 2 19 86 77 40 4 69 63 23 6
46 16 14 36 15 84 62 41 33 44 5 1 13 78 41 53 100 25 48 2 66 80 11 36 3 94 10 28 80 56
45 13 8 83 38 90 57 52 90 42 8 36 66 48 18 90 96 15 97 66 1 81 46 11 43 80 79 7 88 0
1 64 55 23 95 59 56 55 57 22 86 81 92 62 28 12 7 94 57 42 80 38 82 75 55 92 28 58 8 72
18 8 68 70 90 21 99 95 43 92 56 78 41 97 85 44 85 3 63 52 10 90 19 91 67 68 97 83 56 70
37 19 2 40 70 76 29 59 33 55 50 11 31 43 43 26 74 22 45 27 25 99 26 92 18 93 43 34 49 69
70 60 14 61 77 90 84 28 64 62 34 92 33 73 20 12 84 79 62 32 37 79 59 78 86 63 31 50 22 76
99 98 4 16 62 5 5 24 6 11 28 30 23 49 79 41 19 70 42 47 81 87 5 66 66 61 78 17 90 81
89 15 72 22 82 76 86 13 97 27 91 4 35 87 84 73 7 30 13 64 0 12 70 56 48 26 13 11 28 29
80 70 9 30 18 85 83 37 93 57 0 59 42 26 53 67 53 68 68 11 94 26 49 28 55 66 48 40 9 76
39 93 60 33 30 39 66 36 1 99 25 96 6 75 87 59 39 35 37 72 73 53 87 18 48 9 64 32 16 2
78 17 57 85 62 60 19 52 95 64 60 92 34 70 16 85 41 25 58 100 99 86 60 59 19 96 9 2 98 9
72 18 50 20 64 38 40 7 19 31 30 52 43 99 0 7 48 97 70 79 49 33 20 71 80 69 62 27 27 43
85 4 62 32 87 11 69 35 28 15 77 100 4 74 28 15 76 24 64 2 82 76 63 60 62 17 29 13 2 14
73 92 27 29 7 62 38 10 16 33 96 12 60 62 91 53 80 79 31 88 1 8 82 81 50 68 78 64 82 62
45 78 44 25 58 17 69 22 68 37 17 71 66 100 84 5 11 49 20 64 1 79 25 63 66 9 73 50 12 28
7 1 82 4 71 86 22 17 3 8 29 77 39 56 92 33 81 40 58 28 64 52 55 21 42 31 4 15 24 60
16 73 39 12 47 39 29 43 34 58 84 36 65 60 58 21 66 63 35 40 96 26 99 57 39 48 26 91 0 41
83 77 34 88 20 1 84 74 22 85 60 22 55 23 66 41 21 34 24 83 78 27 97 26 25 77 91 4 80 93
13 53 93 27 73 38 69 11 48 88 10 88 51 29 40 20 56 3 13 21 78 58 89 12 42 29 48 67 45 53
64 73 28 52 80 86 93 91 75 35 39 5 39 86 59 31 32 91 94 67 58 50 31 50 8 50 73 36 51 80
71 25 31 53 1 84 50 11 31 32 27 35 30 77 62 47 77 16 46 26 71 26 54 99 33 61 58 10 22 76
97 3 65 41 93 44 27 3 52 44 73 74 5 12 12 3 96 27 37 37 45 78 74 45 24 65 43 33 30 75
58 18 67 31 66 25 80 86 86 18 21 91 44 78 13 2 65 49 65 9 48 11 30 89 71 36 6 47 58 91
88 69 63 30 72 20 47 91 45 98 45 2 77 29 31 11 7 89 54 55 11 52 52 21 51 15 64 26 8 84
55 8 69 84 19 59 85 61 44 61 53 80 37 51 4 2 13 69 20 73 75 47 72 32 95 7 3 44 85 66
14 12 68 12 70 39 42 12 97 84 77 85 29 20 26 9 5 5 73 41 85 11 10 58 2 35 73 16 38 68
37 89 48 7 85 39 36 20 64 31 22 9 74 23 51 4 63 9 35 16 58 63 91 32 51 38 46 55 66 54
30 61 6 30 7 100 37 61 19 12 2 62 59 46 66 52 82 57 39 75 0 75 84 73 23 52 2 8 17 74
88 16 87 72 67 40 72 58 44 48 68 91 36 42 1 48 43 7 74 54 93 27 98 35 83 1 28 81 98 69
7 74 42 51 90 61 74 65 24 98 9 42 52 45 96 94 61 49 61 72 7 77 67 87 13 91 53 37 6 20
91 71 25 68 13 20 55 36 20 54 21 48 29 9 68 88 72 86 34 48 67 2 21 74 83 78 97 2 90 86
63 98 12 61 32 70 72 42 60 60 51 100 93 57 60 72 21 63 26 65 55 54 33 18 72 79 80 2 84 37
59 60 71 8 64 62 81 55 94 83 30 4 21 5 32 40 40 43 15 84 87 7 95 0 95 17 98 70 72 95
100 41 80 41 60 72 51 90 50 88 77 18 59 35 42 28 46 64 9 75 99 43 94 89 6 1 2 97 13 71
8 45 28 18 51 38 14 98 70 31 19 58 93 41 31 82 0 68 18 22 79 57 20 40 25 50 29 83 49 6
2 75 44 43 1 32 6 22 93 29 34 28 58 77 63 93 61 97 88 16 81 99 48 26 86 19 71 20 57 15
30 45 76 57 15 51 31 20 10 18 67 57 1 35 61 47 51 1 29 11 94 86 29 54 51 5 27 92 20 91
34 74 65 3 65 10 71 15 57 43 93 88 1 45 58 17 91 93 52 24 65 51 45 48 1 71 1 100 62 65
73 7 53 23 60 2 96 42 78 95 9 8 29 11 34 70 47 25 56 46 20 45 60 66 58 86 68 13 30 96
50 0 2 13 74 16 82 32 47 49 57 30 100 59 87 20 44 99 35 76 15 24 69 62 23 91 10 2 43 42
35 99 45 93 32 89 87 93 22 27 15 40 47 22 8 44 10 86 59 12 57 58 91 72 41 35 91 96 58 70
63 10 13 15 30 6 29 22 32 78 7 26 94 42 67 39 25 35 12 55 72 32 27 26 63 81 92 34 79 26
73 94 98 66 14 59 59 59 23 97 19 2 88 30 81 86 58 41 72 15 47 26 83 24 10 42 63 79 84 0
74 4 7 32 49 18 36 98 100 77 56 6 0 56 41 66 35 29 81 2 20 19 67 27 63 95 43 22 100 84
43 37 32 98 16 34 60 36 20 19 74 33 48 70 9 17 15 43 43 97 100 62 97 25 55 85 85 33 67 72
79 54 0 60 31 17 63 79 39 4 58 84 81 99 52 75 92 54 73 96 16 47 94 23 8 86 79 32 91 53
41 1 84 75 57 27 52 3 10 25 42 51 18 20 53 57 80 53 68 9 89 49 38 93 17 78 94 17 7 79
15 67 95 36 85 11 63 58 87 29 59 70 76 65 64 6 94 86 74 23 97 18 78 46 45 76 36 56 42 48
6 1 31 1 68 88 35 20 85 75 23 31 100 61 22 15 49 49 2 79 65 4 10 78 28 44 51 76 96 32
9 9 17 17 34 9 90 70 3 78 84 42 77 59 28 8 73 61 1 62 76 96 70 0 85 61 77 7 32 5
80 17 25 89 14 82 18 58 25 64 18 91 4 88 65 68 7 58 29 55 92 5 52 18 81 31 81 63 30 58
78 60 70 76 27 69 21 15 29 10 57 63 56 97 40 1 73 65 31 49 22 69 76 81 71 99 79 52 70 47
81 54 33 34 15 86 54 99 53 52 25 29 69 53 71 16 58 37 13 44 22 12 68 62 94 38 54 13 63 93
24 95 87 66 17 3 85 85 66 67 97 83 95 28 79 40 35 75 35 6 46 79 60 52 54 16 29 24 21 64
37 83 68 39 29 38 57 59 2 0 78 9 63 99 33 12 39 84 97 41 86 41 49 24 68 51 24 44 59 95
82 59 24 57 50 95 100 87 62 79 9 72 29 11 12 96 7 81 71 7 39 29 10 79 11 28 30 54 62 78
82 87 7 71 95 65 67 58 19 76 95 64 30 85 94 44 55 39 68 44 64 79 1 23 78 61 38 36 97 57
52 18 37 23 41 39 82 78 28 9 57 7 72 39 82 45 65 44 11 14 84 26 29 69 25 59 92 80 76 96
52 85 2 48 50 88 21 35 87 22 58 8 65 25 51 90 83 25 11 72 35 83 22 57 84 26 97 5 43 13
11 6 43 11 13 56 61 31 31 30 38 28 19 38 78 51 91 32 18 96 54 37 67 52 98 42 17 97 78 35
29 57 98 5 29 60 34 56 74 16 73 81 74 12 72 2 57 37 61 3 72 96 74 99 42 72 51 15 35 91
28 84 79 69 22 16 96 30 71 41 93 77 55 53 24 94 81 54 55 98 55 69 99 94 90 46 79 56 44 70
97 53 22 5 49 87 47 8 58 10 56 100 86 6 78 14 11 90 14 55 24 39 42 65 68 46 13 29 12 73
5 18 98 12 73 4 92 62 40 80 91 84 94 42 63 81 84 75 89 99 27 52 59 7 65 77 71 3 5 40
49 40 44 45 83 25 12 72 85 48 44 27 91 67 65 44 72 90 88 62 93 74 34 78 90 27 25 25 82 100
46 78 38 15 3 81 99 42 26 86 47 92 6 14 80 97 12 100 16 22 93 77 0 52 88 20 37 96 15 68
36 86 29 37 36 99 85 11 85 93 25 87 39 13 59 98 60 17 21 33 31 36 50 7 83 79 75 70 49 71
19 25 86 30 84 56 47 83 20 5 38 74 55 3 45 79 18 99 12 100 20 71 50 12 77 90 26 37 8 15
45 89 13 79 2 51 53 80 21 31 62 37 91 91 64 18 50 15 100 72 63 91 19 52 50 81 83 34 84 6
4 48 76 2 92 10 67 1 4 51 96 26 87 67 36 21 36 29 90 96 39 17 37 68 3 100 94 51 22 91
85 17 85 99 40 30 13 81 22 92 92 30 25 52 8 14 10 96 47 62 20 53 94 84 64 52 55 49 1 98
25 28 95 40 98 10 62 66 9 58 99 91 39 4 24 27 35 95 87 48 73 51 35 28 69 6 60 2 42 13
79 51 30 78 75 89 26 56 63 6 73 16 85 53 65 47 79 3 84 81 16 95 34 5 56 16 68 37 31 10
88 50 60 56 84 41 45 59 73 6 27 62 61 84 18 47 22 99 42 92 57 70 96 62 27 70 64 29 22 81
98 38 57 38 51 55 92 52 36 98 3 25 70 56 9 54 56 89 53 25 59 83 54 97 73 7 26 20 41 78
73 9 28 13 55 16 7 24 86 2 17 16 94 47 7 50 64 1 62 16 73 39 33 32 45 2 3 89 77 62
88 61 41 68 40 58 27 36 93 44 39 41 22 67 80 24 26 45 67 72 12 85 20 39 97 35 32 85 63 49
82 12 50 81 15 92 0 20 38 74 89 56 15 69 52 62 87 89 18 51 80 58 48 73 29 23 94 94 54 46
42 56 40 98 36 62 61 37 87 98 61 53 83 60 28 97 100 47 45 92 90 16 92 72 97 45 93 98 14 67
46 35 32 79 50 36 31 64 55 20 39 32 70 63 68 73 50 1 19 62 74 65 32 53 92 23 56 54 20 24
55 98 80 93 47 8 93 45 63 7 33 17 84 8 62 80 72 28 98 14 38 33 94 6 38 93 63 82 77 51
27 86 53 81 75 10 59 37 59 49 9 85 68 88 35 94 70 69 20 55 51 48 71 87 32 42 60 45 28 98
22 68 74 48 90 21 16 43 33 67 62 99 10 70 0 47 68 17 64 21 52 0 14 35 85 23 25 82 33 46
41 15 23 13 97 21 48 22 35 64 71 72 90 11 7 89 48 53 51 57 43 47 4 23 56 99 25 60 74 22
64 62 51 34 33 72 62 46 86 34 15 7 67 21 17 26 40 67 30 91 28 73 87 18 88 28 79 39 40 50
20 45 90 39 62 45 6 4 33 7 83 63 15 48 50 10 62 37 62 17 96 31 88 22 54 83 46 95 59 87
80 77 72 14 69 64 62 65 88 57 57 84 28 20 72 13 79 38 34 94 25 78 87 77 1 23 90 66 11 30
90 70 20 80 25 18 56 93 66 80 43 59 77 6 1 13 88 56 96 80 40 42 51 67 39 28 5 93 25 7
55 95 58 97 87 25 35 25 16 2 96 42 44 63 80 11 14 88 1 18 76 93 60 4 95 72 9 97 36 21
11 93 33 73 72 90 24 28 81 14 79 75 35 80 96 22 32 27 88 52 18 56 5 99 29 89 66 34 15 88
56 60 78 40 8 32 85 11 30 86 14 31 33 19 22 5 87 90 28 70 78 33 50 95 78 84 34 9 91 17
29 93 2 54 100 74 18 49 47 9 93 45 48 28 47 42 8 99 45 34 38 66 25 61 96 69 70 20 21 39
44 0 41 20 67 25 59 16 9 75 67 43 86 5 46 20 61 53 62 38 15 97 9 80 80 84 19 16 97 12
86 20 37 60 57 74 37 73 9 2 97 80 72 26 13 44 38 4 92 36 34 50 59 11 26 34 41 65 38 65
78 26 73 22 86 88 92 86 5 70 60 29 23 62 93 9 14 56 61 98 5 82 38 19 12 91 56 82 4 85
90 25 17 66 81 2 92 71 27 16 16 28 24 46 23 47 96 72 90 75 91 35 99 87 53 98 41 98 34 69
96 99 59 0 87 34 40 65 98 100 2 44 62 49 79 69 49 60 10 41 57 63 0 10 91 41 18 57 54 76
82 54 38 41 4 21 24 30 5 69 20 63 74 0 49 38 30 25 20 16 93 59 18 92 52 79 99 21 31 61
3 62 69 76 66 25 51 76 40 31 51 88 27 37 82 13 58 49 59 19 94 31 74 13 35 16 29 93 35 71
25 87 62 31 56 100 41 34 0 24 53 30 65 61 72 55 99 19 87 97 92 62 75 18 83 29 63 4 31 86
15 30 42 49 78 62 16 17 73 39 2 26 47 85 71 84 75 60 31 32 95 67 16 39 8 78 7 86 54 36
74 73 4 26 12 2 20 58 2 77 34 96 16 44 86 11 24 16 38 30 6 52 21 74 12 7 64 27 90 80
19 15 88 63 33 29 13 100 67 84 80 29 54 80 12 80 53 89 81 51 37 74 0 46 40 91 50 34 52 25
75 14 89 12 2 76 39 62 11 23 63 50 82 4 4 24 99 100 20 79 9 54 44 84 46 87 71 28 10 11
51 67 17 58 27 82 74 12 11 39 64 41 76 25 78 85 53 2 58 34 73 62 71 13 83 12 52 67 80 88
38 66 90 61 49 52 60 98 3 38 3 31 57 11 11 2 8 11 96 17 26 5 19 32 78 96 87 37 22 77
92 10 72 1 64 43 8 27 68 82 96 63 31 84 27 22 88 11 22 85 100 85 76 85 66 0 39 16 0 36
40 21 32 89 93 9 93 33 5 87 36 74 59 43 11 96 70 46 35 52 76 91 35 54 13 100 29 26 14 98
74 69 38 36 62 42 74 39 4 73 89 27 17 55 64 46 3 68 88 16 52 20 15 3 39 42 98 20 78 0
89 58 78 82 79 47 7 56 16 4 61 64 85 52 9 54 37 63 69 74 78 34 8 15 2 54 38 39 74 19
37 7 31 66 25 65 47 52 93 99 36 3 41 95 60 13 18 97 66 48 18 64 81 40 43 45 7 24 84 59
4 9 61 64 20 74 96 26 28 51 2 60 50 13 9 96 14 81 24 100 68 13 83 25 9 75 95 74 84 45
9 3 73 45 34 90 21 58 42 22 25 16 79 17 5 45 47 79 80 33 44 64 71 34 60 63 65 70 63 68
83 51 98 18 79 11 69 90 3 90 2 29 2 71 92 13 53 69 21 41 8 92 22 27 87 77 91 51 58 39
35 25 29 6 58 14 77 8 11 77 7 68 77 93 29 49 50 41 77 84 40 8 27 0 99 1 72 46 33 42
0 58 27 93 68 25 2 48 84 47 39 1 27 22 78 91 16 65 65 25 37 56 90 34 47 6 100 62 8 24
30 50 55 13 21 71 37 69 38 98 60 58 7 67 67 40 1 7 89 31 41 78 100 1 39 95 14 46 56 60
49 63 46 70 4 9 12 19 58 60 2 2 71 19 24 99 28 39 19 43 8 50 58 47 27 51 54 78 83 38
10 77 45 20 1 4 21 11 17 33 4 27 11 68 85 57 8 98 41 82 83 94 85 39 16 72 76 33 0 68
28 53 57 11 2 44 68 39 65 50 84 37 40 12 37 19 86 76 52 35 49 94 79 41 77 18 43 0 58 31
29 15 91 65 14 21 90 78 6 62 47 73 14 81 38 82 10 10 16 54 61 97 39 8 98 3 49 1 62 28
6 93 58 29 22 34 2 10 3 96 14 80 76 41 37 23 77 39 30 67 90 75 96 81 38 22 85 20 77 29
91 1 33 93 1 80 48 20 83 25 86 55 43 32 7 82 11 8 6 100 60 37 76 8 56 42 83 33 70 65
68 38 30 32 79 37 99 71 88 18 15 98 78 81 45 43 100 8 59 16 33 13 35 72 64 25 32 88 3 57
17 47 30 39 45 78 91 75 44 65 51 36 100 83 2 29 34 23 95 0 35 71 52 47 32 42 5 12 12 25
58 99 81 42 78 42 10 88 97 53 64 30 71 47 80 45 26 73 51 52 36 9 87 30 82 19 35 6 47 63
90 50 74 60 52 91 48 15 71 50 8 8 89 73 4 94 84 59 99 9 3 29 63 90 68 54 73 8 85 72
20 8 77 39 72 67 46 3 96 95 99 6 96 50 67 91 35 64 37 43 10 48 57 32 14 7 69 45 41 60
96 5 39 63 75 87 42 87 53 87 3 68 45 20 30 92 17 37 3 2 78 37 67 13 34 15 26 80 50 56
32 79 42 5 63 46 66 99 33 51 68 45 76 13 39 40 62 69 54 11 89 85 73 56 55 68 99 67 13 100
2 76 93 8 6 97 10 61 43 36 36 43 74 84 26 40 68 90 73 14 42 96 49 56 43 32 39 89 6 95
32 64 70 79 2 0 27 59 11 39 35 28 18 50 89 34 70 54 95 92 72 48 59 22 96 32 66 64 49 26
74 1 99 84 73 64 48 7 96 88 71 70 28 91 70 5 68 76 23 67 59 96 19 83 48 34 37 94 91 46
17 58 6 30 78 69 56 29 38 90 37 55 36 58 94 25 53 54 10 53 56 62 96 73 57 13 9 52 80 41
91 32 37 71 65 15 45 8 94 83 57 38 85 43 60 53 39 50 39 7 53 47 8 88 6 80 60 5 85 37
49 47 79 87 19 17 79 55 17 11 7 4 79 75 2 69 49 1 62 82 36 89 18 18 50 72 25 34 45 21
7 61 1 35 81 15 75 82 64 26 3 50 51 65 75 81 97 69 33 75 85 41 51 48 58 16 50 99 33 85
10 43 94 43 36 5 76 45 50 45 83 64 38 68 6 63 13 90 38 24 42 17 40 54 62 86 81 77 47 100
7 10 7 80 14 84 84 9 15 25 60 60 26 46 56 57 71 23 89 56 39 94 34 88 50 9 46 31 65 69
13 97 56 74 11 46 44 14 68 91 77 93 25 81 86 88 45 23 63 26 26 38 5 60 22 85 39 46 69 80
81 77 98 62 50 83 67 50 69 92 11 84 29 93 51 44 58 84 86 78 65 2 94 3 58 47 85 20 61 33
54 64 26 84 61 17 1 84 83 10 19 95 75 30 7 56 100 66 52 49 45 17 34 2 86 72 63 48 95 68
25 74 98 59 46 87 92 87 2 64 40 34 87 37 59 99 49 51 56 81 64 95 23 8 83 5 3 28 93 42
19 24 76 72 21 8 66 14 84 13 32 96 24 23 51 4 6 13 89 41 93 96 14 24 52 33 4 87 58 8
79 77 74 90 22 21 72 10 82 100 72 17 12 99 63 100 14 98 12 12 24 64 81 62 11 31 52 54 43 1
4 87 63 48 66 39 57 14 48 68 78 94 17 30 15 78 46 1 72 37 50 11 0 42 60 27 97 3 26 44
0 44 29 49 14 31 70 95 65 9 6 77 20 83 67 28 47 75 69 29 62 41 99 13 12 75 19 35 60 58
87 8 8 86 13 78 4 2 80 38 24 60 2 13 95 6 62 85 56 65 18 78 51 48 89 78 99 84 85 56
11 33 91 29 31 5 83 61 25 8 85 47 78 45 21 56 29 83 71 81 63 6 49 100 11 91 94 87 46 73
22 87 99 43 66 70 40 53 68 25 38 55 39 34 91 89 48 64 73 70 53 33 47 73 98 17 27 6 66 62
56 40 12 53 88 48 72 13 65 78 54 98 41 59 94 97 19 29 61 16 43 38 61 34 37 54 94 15 29 85
32 1 0 98 14 47 80 6 27 7 15 76 40 7 75 96 79 52 3 89 96 91 54 59 77 88 97 10 16 57
25 75 88 97 61 11 0 89 10 30 87 72 57 28 77 65 44 47 15 93 90 98 69 35 29 46 41 28 15 28
89 17 85 71 47 90 89 26 46 17 7 15 39 68 48 100 76 86 62 47 72 24 23 45 42 51 10 82 65 41
17 72 56 55 26 72 3 99 41 39 3 31 80 94 84 64 78 61 94 1 29 34 63 13 11 23 95 84 53 91
36 66 43 18 7 94 13 98 34 47 63 99 15 46 51 4 16 34 0 34 76 38 33 3 53 69 93 98 87 81
12 85 99 34 85 22 44 74 79 14 10 14 2 40 8 94 88 72 77 58 51 82 15 56 98 33 71 46 37 95
99 23 44 98 88 82 13 11 33 71 9 57 36 19 14 10 14 33 43 46 41 36 16 74 100 75 52 31 91 74
73 0 64 10 22 81 52 80 30 72 6 66 99 84 57 53 90 63 5 15 89 70 57 62 95 20 15 36 78 3
31 8 34 46 89 32 62 30 57 1 88 68 58 55 78 52 93 43 20 38 89 40 1 62 53 12 26 59 15 99
26 56 36 57 53 100 89 41 95 21 99 36 25 40 42 59 74 38 52 63 48 30 30 49 26 36 79 70 12 12
12 23 42 50 27 33 33 48 67 44 60 72 30 12 83 66 90 84 66 63 76 90 73 46 57 41 81 81 100 13
77 29 47 23 69 5 21 76 3 20 2 84 6 47 74 43 55 79 71 60 64 24 51 9 27 56 18 11 87 12
87 27 2 38 71 25 54 56 37 54 81 76 28 58 18 70 97 74 20 17 33 73 74 4 87 43 36 77 75 41
27 51 7 39 18 26 97 21 66 21 53 73 9 32 33 23 66 75 80 17 99 69 69 28 74 29 4 75 94 73
9 97 91 78 25 46 11 2 95 75 24 28 37 57 13 71 18 74 50 65 97 10 40 77 26 96 16 28 59 63
41 20 46 5 24 87 89 6 70 79 31 7 2 58 78 9 9 95 46 84 75 31 31 80 75 84 66 75 56 25
87 69 17 43 70 6 63 53 23 39 73 8 23 36 39 100 74 76 13 55 14 99 28 86 70 51 26 94 95 64
18 72 71 29 79 28 82 15 75 14 67 22 71 87 25 4 19 77 72 7 7 17 93 70 99 26 10 54 47 94
41 42 57 74 62 20 88 52 14 41 35 94 66 90 90 60 99 59 95 51 55 54 45 78 91 53 67 58 69 98
57 80 10 98 87 11 24 70 67 95 65 65 61 71 74 97 30 18 14 49 90 58 57 90 85 94 2 8 35 95
73 42 66 93 78 12 33 52 1 63 22 20 97 73 42 90 26 13 17 95 26 96 49 16 13 85 51 59 96 69
28 57 11 2 40 97 90 6 66 81 15 26 55 33 59 20 84 14 55 96 62 70 30 50 69 79 64 65 56 64
65 28 10 76 43 81 15 91 15 72 43 2 88 98 57 5 71 52 60 60 6 66 35 34 69 30 47 96 83 83
50 84 37 54 52 81 43 49 85 16 62 48 88 70 64 46 12 84 16 86 44 77 77 41 53 70 24 65 79 34
56 47 4 44 75 19 84 59 43 29 91 62 93 68 67 85 42 14 36 52 0 90 38 61 60 98 62 64 88 53
17 52 94 2 47 2 15 76 19 57 38 62 1 63 18 10 5 90 72 83 73 2 51 23 5 1 49 2 3 48
65 22 49 66 88 73 19 39 7 11 4 48 74 25 99 60 95 59 76 80 0 11 10 92 80 67 71 5 23 12
34 90 100 64 4 99 58 70 97 59 17 36 75 55 80 17 3 87 37 73 34 66 64 18 2 96 41 37 54 46
95 36 25 6 38 85 3 45 84 63 66 34 44 36 62 61 37 68 19 25 27 26 48 48 70 99 77 18 64 67
48 83 75 96 19 19 98 40 10 77 67 37 93 27 7 48 35 39 9 75 89 42 66 11 22 38 35 61 14 100
11 26 90 40 68 74 59 13 41 68 34 22 9 63 39 15 10 63 89 63 59 13 78 43 26 5 19 1 34 28
51 24 95 79 48 65 54 77 12 90 15 98 25 86 56 62 1 45 68 57 9 61 74 58 76 7 76 83 72 49
5 20 96 97 99 37 26 35 100 57 26 9 99 35 36 40 24 20 27 93 84 13 18 92 78 85 66 45 97 69
53 51 62 33 67 11 89 29 83 95 79 71 33 18 3 0 21 77 94 23 100 66 36 35 64 54 31 15 82 88
41 37 97 95 3 56 82 90 59 52 14 76 83 54 97 81 35 40 69 30 93 28 88 74 72 7 30 5 91 77
92 2 83 16 85 8 51 67 37 14 33 4 45 94 11 30 0 52 9 99 69 70 79 39 1 95 14 13 34 64
43 36 92 30 76 84 2 51 66 41 9 67 50 72 94 59 76 15 30 1 75 48 32 35 13 10 85 93 88 91
52 100 87 54 90 98 45 83 76 40 48 68 38 33 37 58 44 82 20 82 98 48 10 14 99 49 54 9 67 37
75 67 69 38 50 74 14 59 97 39 98 83 16 6 77 9 45 7 5 91 100 20 92 23 64 33 90 75 92 86
33 47 95 76 57 48 68 51 71 76 72 45 69 67 12 35 9 34 63 72 6 85 78 72 33 65 19 64 65 7
97 60 50 42 39 26 64 27 22 80 60 46 4 40 38 78 46 31 5 65 75 89 92 4 84 27 21 31 13 17
99 42 84 68 57 51 0 7 87 24 4 15 86 41 44 9 26 63 4 9 59 37 5 43 86 18 4 35 16 42
66 86 20 53 56 92 93 91 26 69 48 23 87 76 61 91 63 9 95 17 51 54 57 79 30 93 68 37 97 29
32 76 22 33 80 32 13 63 33 81 28 25 58 22 93 41 21 98 44 57 28 70 38 2 24 55 66 97 59 98
67 89 50 77 76 20 64 48 45 58 35 21 33 7 86 70 37 97 39 89 90 83 8 6 84 78 21 86 41 67
100 85 69 99 81 73 7 38 9 15 24 64 14 96 27 17 71 34 1 21 72 39 7 32 85 48 43 29 18 77
73 27 27 96 42 27 38 75 31 97 34 38 43 3 62 95 31 89 59 22 31 30 22 26 100 68 31 5 67 86
91 23 81 96 9 55 20 78 5 26 90 48 34 31 28 80 26 30 96 97 97 77 15 35 84 64 44 2 47 51
45 3 91 71 35 61 38 100 6 16 73 81 96 45 57 33 76 95 27 20 30 93 15 12 32 37 73 0 83 39
69 28 85 96 91 5 37 54 90 19 22 7 28 83 57 0 33 42 53 99 85 34 70 3 59 74 16 13 88 7
29 65 91 57 56 6 65 99 78 2 16 53 29 42 28 19 5 45 62 34 9 53 59 85 38 44 80 44 41 1
82 81 98 84 38 25 41 84 81 100 10 18 13 90 34 2 13 23 31 8 25 57 68 87 55 94 32 35 67 85
19 38 58 90 1 34 89 100 83 20 30 82 4 86 19 38 82 54 52 33 90 41 23 93 65 60 25 76 56 67
56 33 79 26 62 36 22 39 97 49 44 67 29 70 14 63 36 3 54 49 28 1 96 34 62 77 95 72 4 22
62 61 77 37 80 63 72 60 38 97 85 58 79 9 20 89 77 26 67 62 47 75 14 15 67 84 2 36 8 32
95 84 24 27 77 53 82 62 28 69 17 27 20 5 41 54 89 79 6 38 17 8 78 93 90 80 54 100 10 91
94 23 68 33 78 9 33 42 38 51 39 98 19 17 29 50 4 90 27 74 18 89 22 60 64 58 93 96 48 80
92 23 16 36 79 61 35 88 40 12 36 76 19 39 37 48 40 78 8 89 92 35 60 39 65 49 24 52 79 70
29 34 47 3 55 69 66 21 65 16 44 36 61 25 95 97 82 14 5 52 30 75 63 27 60 14 92 41 68 85
96 41 48 62 25 93 3 30 87 24 77 59 11 66 57 55 7 93 54 88 20 19 62 3 64 15 5 71 36 75
0 2 96 0 0 78 16 73 40 13 62 14 22 40 36 18 97 37 52 96 51 12 51 73 39 24 52 97 64 74
24 29 55 58 33 71 69 91 86 5 89 74 74 18 50 0 43 80 54 98 80 25 56 34 7 60 18 11 83 28
22 47 46 75 7 31 60 47 10 71 31 70 55 78 31 10 99 74 37 57 84 79 77 6 67 3 81 37 32 64
90 3 81 54 69 68 19 99 43 50 8 68 56 84 70 49 32 46 32 51 80 34 60 100 96 36 22 42 98 0
40 13 36 46 87 18 52 3 82 95 97 5 49 79 23 54 4 68 88 6 75 88 65 71 34 41 23 75 48 22
61 91 30 32 72 93 58 60 83 89 13 11 29 95 92 59 34 14 79 76 86 90 54 96 19 1 89 39 63 55
17 100 49 88 52 49 38 53 79 47 35 50 59 62 56 31 7 59 10 35 41 99 44 80 11 47 46 6 61 48
36 12 94 25 74 99 10 35 47 40 81 62 66 86 38 85 83 22 71 75 31 17 5 17 50 6 95 75 61 60
34 4 78 4 35 77 35 78 72 18 69 75 32 92 75 66 77 85 0 24 49 87 100 93 46 62 25 15 93 97
86 80 14 98 72 5 76 45 25 91 91 81 46 34 12 90 41 81 25 56 23 71 39 93 98 20 82 83 57 3
73 12 94 56 52 26 33 93 56 60 99 83 42 72 11 23 27 5 46 66 75 68 15 48 5 17 17 16 88 95
5 100 73 56 23 28 83 25 46 7 6 35 8 59 31 25 57 41 21 39 12 6 88 81 62 0 81 11 42 57
16 51 97 82 98 88 27 43 2 45 38 14 77 4 13 19 32 53 99 18 70 75 6 61 86 33 91 34 100 53
25 37 88 72 40 64 74 18 57 20 52 4 15 88 33 53 97 11 2 18 76 25 33 84 96 72 31 57 31 61
45 39 40 63 39 22 73 99 56 73 21 61 92 17 12 88 46 33 85 7 90 65 69 38 34 48 34 14 86 90
37 14 3 100 52 0 45 74 32 92 94 84 53 99 19 4 29 49 92 16 51 31 47 51 10 51 55 83 59 33
41 11 55 48 42 29 37 15 85 47 90 22 42 84 51 13 67 64 59 99 34 88 60 19 17 23 90 46 61 30
25 76 6 48 50 17 36 43 3 3 55 30 3 43 21 99 35 53 28 18 30 95 71 64 83 82 43 4 89 23
97 25 52 29 86 54 16 75 38 80 82 6 47 54 14 53 68 98 28 35 15 98 37 99 70 13 43 56 15 74
41 16 35 88 0 95 81 33 23 97 83 60 7 4 40 93 28 34 85 65 42 37 20 90 50 17 53 90 15 78
41 41 11 49 27 96 59 18 31 22 12 38 0 27 92 91 76 54 85 39 3 83 59 1 66 100 57 5 32 48
50 37 65 1 70 28 43 43 62 97 71 84 97 77 30 83 33 70 64 3 39 55 93 76 12 65 55 96 98 47
57 78 21 40 56 62 99 59 46 20 46 28 67 20 60 59 74 57 37 19 32 12 1 14 57 20 5 1 23 36
53 91 24 59 16 32 64 9 17 4 11 38 50 53 33 55 46 91 10 10 92 9 15 75 17 40 38 45 49 47
84 15 12 83 31 74 67 57 12 84 49 28 27 68 100 23 18 25 6 24 61 81 93 12 66 66 79 87 92 60
36 28 88 40 10 77 13 85 17 61 65 35 66 36 67 46 82 54 79 18 59 80 87 87 88 26 43 50 69 75
85 37 49 25 79 89 48 18 35 10 23 56 85 61 15 90 18 74 55 91 56 39 33 96 3 83 26 53 19 15
1 27 3 15 95 20 47 65 61 8 25 81 41 89 76 38 46 69 19 63 76 64 19 90 49 46 76 50 10 12
41 79 68 21 41 53 89 85 95 90 41 53 19 70 7 76 86 82 66 6 77 0 31 98 95 30 70 18 15 25
84 10 4 48 87 29 45 47 0 17 79 67 6 58 15 48 76 99 61 94 69 27 49 74 36 93 6 7 30 91
18 61 64 24 95 49 12 73 95 12 54 22 11 49 34 15 10 62 43 36 33 40 27 30 54 6 69 10 45 41
18 36 46 39 7 25 0 99 63 83 38 12 63 57 27 49 62 84 3 55 45 47 23 91 95 88 6 100 95 44
32 68 34 82 0 27 26 90 53 51 19 63 32 10 73 49 93 30 39 0 59 2 1 62 14 0 24 22 43 71
1 59 12 44 92 99 52 69 48 60 32 46 24 67 68 95 73 38 93 44 41 28 10 25 73 15 82 12 72 19
98 2 11 2 95 41 94 51 30 68 90 46 20 72 68 46 28 62 67 12 40 52 68 76 33 56 31 95 34 90
55 43 62 55 9 87 36 56 76 62 13 55 36 22 15 6 66 32 2 62 88 15 92 56 98 10 20 45 97 79
71 88 49 12 7 21 68 71 45 46 91 52 91 24 22 43 86 6 96 77 48 30 78 29 79 70 73 44 23 87
10 39 57 62 98 79 32 13 1 80 100 36 67 6 57 19 59 32 56 15 34 93 76 8 46 46 55 18 81 4
41 49 20 43 35 77 40 19 20 67 83 78 98 71 5 42 86 7 90 80 80 42 50 83 84 9 28 50 22 72
96 47 72 47 7 96 98 27 0 65 70 66 17 8 3 0 5 74 64 29 95 42 35 9 0 2 12 100 58 21
45 14 88 74 18 31 11 39 90 4 31 50 56 62 53 49 58 45 25 86 0 26 57 31 10 72 58 39 60 24
11 54 0 19 34 93 88 44 2 82 83 94 25 41 17 90 61 80 5 57 56 60 27 66 89 89 69 27 74 79
27 46 12 9 53 22 75 14 75 38 76 94 98 84 12 67 45 66 47 2 89 57 42 60 13 54 5 40 23 94
21 15 57 15 29 87 2 88 93 81 12 4 40 33 9 11 99 15 81 23 78 12 50 78 5 23 88 20 3 44
42 33 79 89 46 51 79 36 74 13 79 99 28 2 81 60 18 74 26 78 58 31 40 70 50 3 33 35 79 41
73 4 3 13 27 31 100 98 70 93 10 68 11 94 75 13 83 33 10 6 58 13 11 16 47 57 20 45 36 70
78 99 84 95 91 95 6 16 88 76 73 81 51 2 93 74 51 14 87 60 45 35 18 76 18 26 0 54 27 68
11 10 50 66 44 31 13 90 74 55 55 76 28 32 18 92 63 2 93 83 33 96 56 50 79 77 74 82 19 56
12 29 2 66 9 89 41 84 53 100 61 43 97 60 24 16 71 81 67 86 98 47 82 75 18 52 19 54 40 13
30 42 60 21 59 47 49 60 9 63 65 48 63 87 97 81 12 8 36 12 23 41 3 11 73 97 75 75 19 98
57 98 8 8 85 91 64 13 62 53 17 69 14 30 82 56 33 49 46 36 11 63 56 67 76 43 99 88 93 35
18 43 94 64 70 76 14 6 25 9 7 94 0 56 97 69 13 90 38 47 86 55 35 66 18 31 2 63 94 24
78 59 43 90 17 45 90 56 59 5 59 54 57 80 70 92 47 47 24 72 15 37 56 96 69 31 96 37 32 65
32 28 96 8 77 67 6 32 22 81 87 84 74 79 34 62 15 41 11 4 98 99 15 18 99 42 53 34 7 25
32 68 24 60 81 42 88 7 33 83 59 45 50 42 64 1 99 5 57 9 6 67 42 71 58 43 84 40 61 26
86 60 23 48 41 20 66 94 45 41 70 65 38 84 86 35 30 77 79 62 17 0 10 46 91 14 42 68 63 10
32 5 90 22 21 19 32 8 63 93 22 15 43 53 63 49 89 83 80 5 18 8 95 67 75 31 28 35 43 64
92 64 69 41 89 8 22 8 59 48 62 50 69 27 89 41 59 41 9 99 92 60 35 27 53 20 38 95 54 60
87 63 68 68 74 43 20 96 35 31 69 100 88 17 26 52 75 12 22 76 66 61 20 85 20 48 74 99 88 37
8 17 38 81 42 98 17 84 43 35 91 69 73 47 64 25 15 55 31 20 9 81 37 76 44 78 54 10 97 44
80 20 97 8 84 14 69 98 13 2 82 49 51 70 13 16 86 49 69 16 30 61 94 32 92 52 80 8 79 100
91 81 28 26 26 5 63 43 48 55 52 26 45 58 23 25 75 83 68 70 83 92 29 53 32 37 83 77 98 17
61 61 74 48 90 100 90 39 55 23 15 80 43 20 39 34 56 75 17 10 71 6 17 20 63 14 80 31 17 97
13 98 83 68 45 8 9 83 18 14 44 0 77 48 48 15 2 86 9 64 72 80 97 16 89 62 69 33 23 56
66 68 72 12 40 99 33 19 50 13 52 4 92 14 20 75 41 69 61 21 37 46 87 49 22 71 96 89 56 63
67 27 35 91 26 50 20 76 19 7 56 27 57 22 46 96 26 10 12 73 22 25 73 45 56 99 87 21 68 0
47 42 24 60 14 62 68 29 52 59 48 13 31 79 45 45 42 7 73 83 35 20 84 35 49 61 12 0 92 30
24 70 17 90 62 44 32 27 39 43 98 70 56 78 32 79 62 13 20 1 40 97 15 84 37 72 41 8 30 38
72 93 78 99 76 8 71 42 77 63 95 5 5 30 54 69 39 45 54 11 96 18 64 92 9 20 66 64 50 0
8 79 34 43 76 37 75 16 51 40 38 29 56 52 76 57 18 11 88 22 95 89 67 24 51 39 81 3 93 87
25 33 24 35 93 38 94 86 100 74 23 38 73 65 1 47 53 94 98 80 49 22 7 34 41 78 43 66 54 93
42 89 4 40 49 39 9 52 31 16 66 31 63 98 74 65 48 2 45 73 30 74 97 33 15 40 55 32 68 26
56 98 21 4 18 99 17 11 33 48 94 48 68 92 47 51 9 32 20 42 1 83 40 85 96 20 20 49 34 42
16 13 67 29 41 97 80 44 33 38 32 28 72 65 71 14 5 94 43 92 90 55 18 26 95 4 61 85 62 18
1 6 72 28 29 52 92 45 90 6 47 43 13 80 88 44 53 57 38 22 14 7 88 97 35 100 93 58 46 71
4 60 80 20 78 98 100 26 74 53 17 52 70 66 90 25 57 2 94 41 1 27 92 87 22 2 6 94 58 99
55 71 69 11 60 56 15 84 16 41 31 2 65 35 27 79 57 73 12 54 7 95 35 93 9 46 78 58 5 60
0 89 51 75 20 79 52 28 90 99 31 40 45 26 38 18 0 71 37 8 56 14 92 52 70 21 71 2 47 64
56 84 39 99 92 64 10 39 15 12 80 34 50 62 84 3 17 50 47 47 48 87 97 72 3 50 20 99 31 74
31 52 19 74 35 43 43 67 58 22 41 18 68 19 12 93 80 98 96 62 1 89 72 96 45 75 99 41 14 92
73 100 43 60 79 31 34 73 76 97 80 46 12 12 76 42 63 13 58 88 95 33 55 71 74 55 18 95 1 54
69 35 42 85 79 3 28 85 67 30 5 75 11 50 4 33 98 53 33 55 34 4 52 74 46 63 37 56 0 91
30 36 71 8 27 21 39 68 32 50 84 30 71 87 57 43 25 97 6 87 86 39 18 32 68 95 74 42 51 54
89 71 54 24 82 67 3 18 55 6 20 0 79 33 6 73 5 50 1 54 64 55 52 17 89 5 88 14 11 64
73 13 94 82 88 19 92 44 97 9 29 63 31 47 28 9 11 60 77 32 9 34 37 23 12 25 80 23 12 87
59 83 49 53 59 45 38 40 12 85 75 95 15 51 76 78 92 63 40 82 6 45 37 43 77 29 6 34 25 30
67 11 45 58 75 94 82 22 63 31 8 6 66 53 57 20 40 96 12 35 14 26 80 70 74 67 97 12 74 36
88 17 31 66 90 19 42 57 75 77 68 33 15 90 3 99 63 10 82 55 83 65 92 98 32 9 57 81 61 67
26 0 100 62 45 35 44 46 1 36 94 30 17 46 24 42 84 83 61 40 24 15 22 41 70 60 40 38 80 23
83 75 13 7 27 1 8 20 65 59 87 16 54 96 26 70 53 97 100 33 60 28 5 58 2 18 20 1 90 44
96 65 87 6 33 84 7 4 36 28 9 93 22 65 58 27 13 2 42 48 76 4 71 51 56 53 86 51 6 71
14 92 62 93 13 82 59 11 20 36 14 100 14 40 21 16 61 24 1 9 38 35 48 86 72 41 14 48 59 5
42 26 42 65 73 100 7 26 69 19 5 52 54 40 46 88 9 6 87 10 83 52 58 70 23 15 37 50 8 50
75 52 66 44 52 97 62 67 24 57 95 7 57 83 95 14 13 73 59 17 58 17 25 75 53 46 7 41 23 89
5 77 68 97 2 69 39 87 53 64 3 23 78 6 52 31 38 38 47 27 22 44 87 78 8 4 60 79 8 71
11 98 54 78 1 43 13 51 3 0 85 56 39 48 2 44 21 29 67 27 37 66 20 80 99 83 42 52 63 81
93 55 8 47 13 73 61 29 1 15 25 65 84 95 91 0 5 0 99 66 96 58 50 37 57 65 84 68 24 74
30 36 96 84 90 0 2 70 12 86 79 78 98 7 42 82 2 83 29 48 29 48 91 24 70 28 14 37 78 12
32 58 46 68 30 64 39 2 49 26 97 80 1 14 26 68 49 74 58 3 63 85 15 42 5 61 94 23 68 24
9 96 13 58 65 96 62 7 61 100 74 43 1 89 4 69 78 52 74 6 78 53 54 89 87 4 81 70 53 36
51 64 55 69 15 34 73 60 68 68 22 55 17 53 25 6 26 17 95 91 40 41 91 21 56 47 33 85 86 72
87 65 5 9 59 58 97 14 39 29 5 20 71 2 33 10 74 27 99 74 57 14 21 44 88 85 27 89 74 52
17 51 77 71 54 74 66 75 5 97 22 58 95 87 94 43 25 51 90 9 23 12 79 30 79 80 41 44 50 96
29 7 68 58 66 58 66 93 94 88 79 36 56 19 83 83 11 83 53 71 13 47 4 99 46 17 4 88 6 85
77 46 45 36 38 15 75 8 35 41 74 56 63 45 20 9 28 58 28 37 64 9 97 40 93 12 22 80 86 58
77 28 17 18 9 23 36 20 76 77 97 89 96 52 56 33 34 63 56 91 72 8 93 94 54 28 31 34 27 42
78 54 50 14 42 12 40 78 18 30 64 57 2 85 48 55 76 32 87 91 49 73 94 1 16 55 46 25 66 70
78 13 86 86 98 65 46 63 67 73 98 36 45 10 48 74 9 12 46 89 95 74 13 84 80 76 64 19 81 32
23 46 59 15 48 96 94 83 83 80 2 26 69 73 69 96 52 42 98 99 15 81 73 61 6 34 66 93 26 72
20 94 34 4 10 49 1 31 20 21 98 0 72 20 84 31 65 100 42 35 72 43 74 75 72 99 50 22 62 92
97 64 55 46 49 87 15 16 49 72 6 33 38 2 31 90 58 45 81 23 77 9 68 41 13 18 60 18 85 18
28 76 14 44 78 18 43 64 25 71 22 24 58 70 12 46 34 38 13 4 49 41 98 60 98 6 79 51 68 33
95 32 14 79 61 58 30 64 62 43 31 82 79 15 59 21 54 65 100 40 51 22 16 48 4 76 66 44 90 77
1 53 75 62 24 95 51 10 4 59 41 85 29 85 87 78 82 87 47 31 10 0 28 54 54 27 55 70 35 7
14 86 96 71 18 46 25 27 61 26 40 72 10 5 65 27 72 32 46 34 49 35 79 27 29 37 67 60 17 59
65 76 51 72 73 67 1 17 69 23 21 82 2 35 33 85 87 45 22 68 70 53 64 87 81 1 60 3 98 76
40 40 17 16 10 77 84 76 21 89 90 10 61 80 48 40 11 15 75 96 40 22 24 48 18 71 75 51 53 100
7 75 41 85 91 86 19 19 38 50 43 35 78 76 63 20 3 17 75 32 46 35 76 88 5 80 14 7 56 43
83 13 14 47 51 73 57 27 92 55 66 69 39 53 73 42 31 39 61 1 80 94 65 18 97 45 76 11 28 57
64 90 51 56 85 83 44 65 70 60 73 5 88 45 62 66 29 6 31 68 70 85 71 49 57 99 3 43 45 64
66 17 22 87 7 48 8 53 26 6 86 14 49 29 48 33 41 97 73 92 20 100 91 57 85 7 18 30 0 35
67 13 2 85 3 40 98 100 94 25 92 32 38 20 37 31 32 26 90 33 83 17 29 10 52 90 10 28 51 97
44 72 53 86 26 36 65 5 56 18 1 27 68 13 62 28 71 89 47 90 39 9 39 8 6 71 4 99 18 99
84 99 45 71 50 13 60 8 37 46 94 26 1 16 92 7 8 6 89 55 7 41 59 50 27 95 3 64 37 86
65 12 36 80 12 62 42 57 70 48 92 55 33 7 17 28 69 67 65 97 78 57 50 67 5 62 98 23 90 4
55 99 86 46 36 48 98 99 20 44 80 51 6 38 6 38 36 28 30 94 51 15 20 37 63 38 14 1 32 37
65 77 16 35 19 84 5 5 26 92 48 95 62 24 47 92 63 1 17 99 99 5 38 6 59 47 13 92 0 40
47 76 23 89 80 83 10 2 56 21 58 39 77 21 23 25 30 99 41 88 97 86 6 84 88 60 80 87 91 95
77 34 39 86 29 78 7 37 91 98 85 97 82 87 99 25 94 59 57 25 50 25 23 80 100 54 12 68 93 12
35 69 100 81 33 52 100 0 95 82 40 54 76 99 89 49 32 53 65 80 39 28 99 58 23 61 34 30 22 76
80 88 50 15 76 77 58 87 63 9 22 91 80 55 74 56 88 99 82 90 16 11 84 30 27 79 41 1 44 78
24 55 22 2 57 39 13 55 79 11 12 56 59 70 94 91 99 40 17 84 19 92 10 96 86 36 71 65 45 58
13 29 68 62 95 25 94 74 39 81 79 84 83 1 26 84 0 56 44 12 34 76 82 86 97 15 11 12 38 100
24 83 40 63 98 18 19 64 92 3 19 2 64 41 46 69 96 87 31 69 98 94 35 69 4 27 69 26 36 34
6 26 8 46 44 7 30 40 53 77 36 63 6 63 81 20 99 20 25 67 98 12 34 64 40 38 35 71 33 35
11 22 89 76 88 95 45 51 37 7 85 47 83 29 30 69 65 27 39 8 48 90 47 83 90 88 93 20 66 93
12 92 41 22 43 31 15 69 64 95 49 51 38 10 54 4 18 68 46 26 88 99 9 75 97 8 13 84 73 97
67 87 82 60 32 91 71 68 97 27 40 60 7 45 77 37 3 99 41 79 94 77 87 67 19 34 80 96 62 83
46 73 77 99 35 60 74 38 54 33 0 22 82 3 100 40 23 12 91 75 70 87 21 71 16 2 77 98 40 70
82 69 95 57 14 89 96 61 39 59 28 23 36 42 86 1 97 58 37 73 17 78 98 34 49 27 81 30 50 28
11 1 43 28 81 76 38 65 2 54 28 89 97 1 99 21 97 95 93 51 70 95 91 44 63 86 85 83 14 55
7 2 31 5 61 47 42 54 35 87 57 57 15 89 57 60 9 49 83 4 99 51 26 58 3 11 90 50 37 56
29 56 64 30 90 84 71 85 35 71 60 100 59 87 18 72 45 22 95 12 43 17 95 77 18 18 46 42 14 77
32 51 56 35 60 75 43 55 69 24 29 87 13 56 95 76 78 91 70 21 83 14 69 92 73 52 86 73 56 94
55 68 62 52 41 92 0 8 18 87 97 47 67 71 27 88 62 2 93 82 81 64 98 28 36 93 37 91 24 78
73 85 0 83 79 40 57 24 42 27 56 81 48 89 81 73 71 49 80 72 37 29 89 63 66 47 59 80 71 93
80 44 55 90 15 40 58 91 44 35 29 52 18 69 39 49 67 71 72 6 16 38 64 68 38 37 4 28 17 45
77 60 87 5 70 12 58 70 20 67 1 17 37 85 87 40 39 76 60 22 19 20 33 13 76 69 21 76 36 18
72 77 78 29 97 10 64 45 63 29 5 8 98 65 44 4 99 13 38 92 14 59 28 64 52 38 59 57 20 79
27 70 10 57 22 30 54 60 52 33 49 94 58 91 19 19 68 11 27 95 69 81 46 55 3 75 69 32 45 78
45 37 30 64 24 50 5 33 44 47 61 68 36 60 82 43 88 66 82 24 56 53 3 40 12 20 51 8 17 60
7 60 16 58 39 11 76 72 92 61 37 79 67 14 5 29 90 0 78 48 74 81 21 96 95 8 69 77 32 61
72 22 91 85 24 45 27 24 44 45 74 16 96 87 98 8 45 20 49 51 4 35 72 39 76 0 8 47 51 95
10 11 12 7 96 92 58 70 2 12 37 21 2 83 64 71 28 42 64 22 94 91 16 36 99 10 28 21 0 21
51 89 66 60 76 95 37 18 40 74 45 22 86 75 41 37 50 96 44 31 66 9 16 82 69 86 81 83 68 54
41 5 31 73 94 91 9 48 34 58 57 60 73 33 59 16 89 100 18 65 72 73 8 30 0 57 88 97 21 13
21 81 10 68 70 86 53 0 19 74 84 29 45 20 67 20 59 85 91 14 1 32 74 54 96 75 78 24 71 79
76 56 96 52 73 25 65 78 14 91 11 39 24 41 28 54 12 72 69 74 72 20 67 24 96 35 46 90 4 32
39 68 69 5 29 61 72 36 30 49 41 91 60 33 54 73 94 20 28 50 55 64 77 54 90 43 44 10 84 41
98 81 62 73 23 70 42 14 50 9 83 87 2 12 45 36 31 62 50 52 41 16 76 59 33 23 27 32 38 17
85 54 26 51 74 16 1 76 51 62 69 0 45 37 47 52 5 60 63 2 81 19 76 3 18 90 25 14 99 72
10 83 4 43 99 59 44 59 3 94 38 36 99 69 36 46 35 89 99 58 45 45 12 46 1 2 76 18 11 24
32 26 92 21 36 15 72 2 38 3 90 4 52 93 17 96 51 51 52 23 69 80 45 22 28 50 1 61 12 14
22 100 22 0 54 65 45 93 92 47 53 20 42 61 55 19 51 36 52 70 44 47 42 5 27 45 6 79 93 22
62 68 40 63 0 40 5 99 91 59 69 34 58 74 16 90 75 13 8 57 72 5 70 62 33 45 61 65 21 8
84 76 74 13 22 87 96 87 25 11 39 44 32 68 40 51 73 82 100 43 29 76 97 24 94 67 49 3 42 27
74 19 41 80 95 82 24 71 91 65 87 51 60 17 64 99 55 9 77 99 19 40 65 53 19 40 86 29 36 90
63 74 24 92 0 93 3 12 79 19 43 30 82 35 50 95 70 41 63 88 8 3 5 8 54 79 48 45 93 83
89 32 59 26 1 80 10 83 64 85 93 64 68 88 14 98 21 23 24 16 22 84 48 84 26 84 43 96 4 88
67 86 7 27 34 7 96 100 74 63 61 51 44 0 91 38 71 87 20 8 32 23 17 36 69 94 92 75 80 2
52 25 68 44 95 49 28 78 32 79 33 62 16 18 11 11 66 44 50 69 30 2 15 52 29 66 52 11 30 82
30 70 18 89 95 47 7 78 64 17 94 9 43 80 21 65 34 6 46 66 98 57 20 22 98 13 41 31 67 54
6 41 17 90 39 13 94 72 99 35 31 51 17 16 46 85 66 58 59 46 27 86 84 63 52 89 27 28 57 23
14 35 44 12 54 67 76 80 5 5 25 64 45 51 42 71 53 11 85 10 7 71 49 83 14 22 76 87 39 54
74 63 96 0 37 60 15 83 15 1 77 94 97 13 27 20 28 92 77 64 19 72 62 20 82 55 16 29 12 13
30 55 24 81 52 19 51 43 47 53 26 35 79 17 34 26 32 51 32 11 88 1 54 5 64 72 28 91 29 93
64 59 100 79 27 0 33 20 37 89 69 11 24 97 74 14 86 92 62 17 36 21 95 24 21 33 68 74 27 60
76 21 36 87 1 87 84 20 16 74 29 35 12 62 83 64 94 52 57 5 61 77 47 81 13 63 41 80 42 50
35 37 17 86 10 91 33 56 58 67 18 90 84 25 5 88 47 21 52 13 67 64 47 78 88 58 95 81 51 52
83 23 12 61 69 32 68 88 50 1 40 24 46 87 31 21 4 5 55 100 44 99 87 85 77 6 21 84 27 44
65 73 50 7 32 76 55 85 58 66 47 72 46 9 42 86 90 73 75 52 36 11 85 65 3 35 69 36 57 81
93 95 40 37 100 75 71 38 53 5 0 86 83 10 18 62 84 40 72 85 25 93 51 29 70 37 0 13 40 20
63 18 17 84 2 46 81 2 30 42 73 40 98 29 92 10 32 17 28 59 61 38 10 98 64 85 3 40 45 2
56 1 63 42 29 52 85 15 26 55 92 40 26 20 19 34 56 67 97 28 79 87 51 30 8 80 0 77 5 25
86 10 17 9 71 69 18 2 46 51 1 61 49 61 94 45 4 29 19 38 10 47 80 49 61 54 20 67 72 47
37 13 43 71 64 29 62 73 24 99 51 75 34 96 62 82 68 4 27 78 86 36 79 4 97 50 78 43 90 63
46 53 85 90 85 94 92 33 15 71 90 98 31 19 60 67 33 13 88 63 20 18 2 36 51 88 14 83 63 62
51 48 8 76 81 36 13 23 30 56 55 29 72 10 72 55 0 11 39 68 15 51 42 45 2 14 50 80 54 52
3 68 35 6 62 68 66 86 29 26 53 94 47 9 55 8 23 84 22 83 44 37 40 10 18 20 31 54 43 62
57 52 98 14 91 66 68 37 49 2 22 96 53 12 25 93 98 44 62 97 24 66 72 72 90 72 95 75 66 88
59 73 81 3 41 35 96 72 97 85 97 44 65 18 5 53 79 89 41 76 76 84 67 46 100 45 67 17 51 40
44 55 95 21 36 99 26 16 84 53 96 22 95 99 41 38 19 19 63 98 32 49 61 28 37 83 86 27 2 24
90 89 90 51 70 32 29 97 57 3 64 50 18 96 38 18 59 76 1 60 87 25 57 86 71 88 50 86 20 54
47 55 99 25 66 42 29 87 34 2 12 69 34 46 18 4 19 46 85 71 3 9 25 40 39 34 78 96 12 78
98 47 36 11 57 58 7 39 99 78 85 25 37 99 12 35 96 41 50 16 89 76 30 62 80 85 71 22 60 22
40 31 64 56 7 38 16 71 52 80 99 24 6 24 79 94 47 31 71 66 93 69 87 27 59 85 76 62 94 81
33 78 58 54 28 69 48 64 91 63 50 0 52 92 26 83 36 28 65 87 83 69 1 21 85 2 47 64 65 89
80 92 75 96 1 45 80 88 0 37 41 55 8 91 15 71 49 21 80 19 39 5 52 66 94 17 86 60 31 17
13 47 53 64 61 70 38 22 66 10 57 22 80 12 71 53 78 3 8 71 9 18 32 77 32 39 16 49 54 77
10 4 37 64 4 66 12 68 40 82 84 95 96 72 72 38 2 48 82 97 90 35 32 15 69 85 76 42 24 25
82 38 70 21 57 88 82 27 23 60 21 72 41 22 13 99 18 29 40 89 43 57 58 16 44 17 36 29 2 13
38 59 42 45 87 36 56 94 75 62 58 68 43 52 50 48 30 46 65 55 15 3 75 17 96 33 93 30 69 22
91 35 50 4 19 49 77 68 60 8 35 97 58 22 71 85 16 39 81 17 22 22 4 12 0 74 66 83 68 20
2 85 59 96 90 44 28 72 5 49 77 96 76 43 21 70 15 33 0 55 72 94 68 15 44 10 93 48 82 26
32 73 54 52 89 61 68 91 92 30 44 74 49 33 89 72 72 58 41 6 75 83 57 1 8 2 4 67 100 12
36 9 17 69 41 17 33 43 62 71 25 34 60 59 44 48 21 57 74 49 83 88 79 77 88 8 70 15 4 92
72 84 53 19 49 12 75 26 1 76 36 22 64 90 93 74 76 57 75 90 27 50 91 30 19 95 65 68 2 31
100 68 72 40 93 41 85 30 84 40 80 25 1 81 77 85 78 65 85 22 9 26 14 77 75 45 90 76 25 92
41 53 10 69 98 75 5 99 57 31 40 7 15 86 84 64 1 95 2 35 78 77 42 27 91 9 18 62 44 42
59 77 35 19 0 41 75 56 84 51 79 23 48 91 23 23 35 17 25 64 72 76 45 75 87 44 93 6 98 55
48 94 26 28 85 12 10 80 66 82 76 100 36 1 81 67 59 69 25 55 96 26 55 37 3 69 5 37 60 54
82 92 72 52 18 83 99 77 39 97 15 43 31 25 71 24 51 49 63 23 46 55 47 49 13 43 71 77 17 71
89 78 19 9 24 94 58 32 79 10 38 40 52 79 77 17 45 59 62 72 41 91 55 24 44 49 50 21 21 99
68 16 6 70 54 35 0 73 44 57 64 59 67 56 58 29 15 19 26 38 44 3 13 43 57 23 45 88 14 26
48 20 27 82 54 31 20 75 95 66 12 13 81 25 43 5 50 12 74 72 60 46 10 10 64 29 58 85 55 38
36 22 14 14 86 32 6 31 27 13 60 59 23 94 46 72 66 84 47 49 90 42 33 48 44 23 6 78 76 80
9 90 18 63 24 75 33 82 30 58 57 47 70 10 59 99 0 21 68 19 8 39 9 59 51 62 63 60 1 87
62 65 62 67 31 33 17 99 94 60 100 31 78 90 62 99 35 24 66 29 69 83 49 70 8 87 84 56 62 57
71 34 14 41 81 12 33 4 11 47 54 68 0 57 8 75 29 45 13 54 96 97 46 62 45 25 54 60 90 95
55 79 16 88 72 33 47 81 45 62 52 51 68 36 19 100 27 4 48 96 48 34 16 89 86 67 18 15 14 84
77 90 85 31 2 55 10 47 80 25 28 76 3 25 32 59 9 34 87 56 54 83 47 86 22 33 84 0 46 69
9 48 2 10 76 20 100 28 90 47 58 27 2 76 78 91 91 62 100 66 12 58 61 60 67 78 34 76 84 45
89 37 54 99 7 42 76 96 34 39 18 90 3 47 75 29 22 44 72 78 89 84 16 53 29 14 36 86 24 80
34 33 65 71 78 43 23 100 7 96 43 11 67 97 72 52 48 36 91 27 5 90 75 39 80 98 77 10 57 9
57 33 89 62 88 3 23 97 64 94 69 77 39 99 48 11 94 16 72 43 96 8 14 66 26 51 21 99 13 26
13 54 61 39 83 34 34 46 71 48 31 78 14 6 61 52 51 97 100 84 53 12 45 21 36 18 2 53 5 71
11 70 34 19 86 63 26 54 27 56 44 45 55 43 84 27 86 88 65 18 75 60 73 51 11 86 79 5 1 59
6 5 35 87 73 46 53 12 6 55 17 66 28 15 83 25 5 83 60 58 99 78 95 1 91 4 99 21 28 25
95 0 42 83 4 65 68 1 57 83 14 92 72 81 5 33 40 27 20 72 42 28 31 85 83 64 45 67 60 100
41 74 58 11 89 95 30 0 13 37 85 75 34 93 76 48 95 61 97 74 44 71 33 100 31 8 45 84 14 0
32 56 99 100 56 9 0 50 93 2 54 53 40 47 17 79 22 3 13 64 6 59 49 80 9 100 75 31 75 83
29 80 47 99 18 68 23 25 55 46 4 100 78 77 71 48 18 32 34 69 33 37 58 87 95 25 45 28 28 4
0 40 16 58 37 95 68 56 29 20 99 34 91 1 6 8 43 56 89 53 13 58 9 6 84 65 28 29 67 74
76 26 18 13 96 37 76 54 83 63 57 23 43 46 80 25 28 7 84 3 44 21 99 41 25 39 68 2 100 93
3 6 61 65 37 42 90 69 61 58 68 11 65 47 97 68 41 22 2 58 93 68 52 86 87 68 67 73 89 4
47 57 48 19 22 36 72 15 63 44 4 4 46 93 6 96 76 3 69 26 17 4 21 30 57 49 47 73 74 98
20 78 22 11 32 58 1 27 65 71 18 37 62 69 83 92 48 52 20 96 86 31 56 86 12 50 25 40 14 50
46 2 28 52 41 20 43 63 17 7 42 7 100 7 95 80 39 65 70 7 17 70 34 45 22 24 25 6 34 61
37 32 93 84 92 98 89 87 21 58 30 57 36 38 1 1 75 65 60 72 41 39 74 67 71 25 13 73 76 37
26 31 23 11 55 63 75 76 23 82 34 2 20 84 16 91 5 3 71 91 84 65 20 74 65 98 22 45 61 43
34 93 81 52 24 71 41 82 11 62 52 48 7 64 43 63 9 21 9 88 14 17 71 76 82 8 76 97 11 54
88 38 94 82 37 70 37 67 65 22 75 21 32 22 93 15 50 60 38 89 53 61 50 44 0 86 78 26 23 12
66 52 99 5 28 39 3 32 77 29 56 8 37 87 91 99 28 26 4 43 96 10 76 35 96 35 9 22 35 62
50 16 41 6 68 13 69 8 81 80 55 43 100 1 85 55 86 66 68 72 61 22 98 95 59 14 100 5 20 9
15 35 65 57 17 18 92 20 38 53 62 15 18 5 63 79 84 36 57 6 59 40 25 35 67 100 77 55 21 41
17 84 22 0 49 59 78 33 51 97 30 77 26 31 84 62 28 95 44 77 89 51 89 11 52 47 96 18 63 7
12 25 77 89 38 86 30 24 25 25 99 42 8 0 67 91 20 64 81 49 93 87 30 47 96 1 26 76 63 42
36 93 57 74 60 3 46 74 2 30 33 75 21 98 37 11 2 22 49 30 3 35 82 63 35 51 76 38 33 39
95 27 64 78 14 14 50 46 58 69 49 43 91 64 35 81 97 26 24 73 69 86 64 37 66 86 93 55 35 18
8 51 75 6 8 26 54 37 15 11 67 17 68 52 94 8 57 67 78 99 11 52 99 68 45 59 17 17 63 47
29 32 15 55 81 0 8 42 10 7 7 65 59 35 92 64 89 97 28 0 41 42 99 83 15 31 20 2 10 72
22 57 26 52 81 69 1 65 43 21 99 35 9 3 91 96 61 60 21 1 44 25 2 12 96 42 68 53 35 96
27 34 1 48 31 50 9 82 62 51 9 10 29 63 97 69 53 67 65 12 13 98 63 79 66 77 89 3 17 42
54 96 81 19 77 15 87 92 59 39 29 21 69 51 68 37 12 71 20 76 36 73 4 84 5 18 27 10 45 17
76 57 57 45 56 46 60 66 49 60 43 83 77 33 0 77 94 36 14 17 96 35 69 7 83 64 5 38 27 91
40 72 50 79 70 58 69 38 80 0 28 90 98 84 54 88 28 48 100 34 14 30 93 27 46 70 40 36 70 12
41 2 79 24 52 83 81 74 9 86 55 87 21 15 79 53 46 38 58 72 37 51 32 31 41 31 28 50 6 63
80 58 30 65 5 97 12 68 36 53 9 15 39 93 18 59 68 34 17 61 61 80 89 80 44 68 99 71 42 90
58 25 41 77 91 16 44 20 18 98 94 8 32 73 31 7 95 92 3 99 63 95 50 79 79 93 69 94 88 74
89 3 4 27 87 94 65 46 0 38 83 31 50 46 83 84 3 24 76 76 70 28 49 39 54 33 56 66 71 52
71 12 96 83 60 83 36 43 6 51 70 20 92 84 27 9 4 3 5 81 68 56 10 51 31 53 9 7 18 96
53 43 100 16 41 99 58 81 25 67 58 74 0 86 86 55 3 89 12 55 36 61 100 95 19 42 20 39 57 30
9 24 88 27 71 29 79 87 42 25 18 48 61 13 79 97 37 90 70 18 83 81 50 1 89 80 94 50 18 59
50 12 38 97 19 97 19 25 69 90 13 43 27 78 24 44 5 19 32 82 53 44 14 92 71 55 38 34 11 20
3 23 82 21 16 44 40 7 71 65 40 58 47 65 32 28 3 90 58 10 5 71 71 92 84 59 48 35 28 12
25 34 34 97 9 93 78 17 13 11 25 50 62 83 89 28 24 26 39 100 96 91 34 27 22 68 66 82 99 54
83 82 95 52 57 96 19 34 66 38 18 15 12 30 67 12 63 65 32 6 64 22 30 95 25 22 42 12 9 68
100 67 85 32 78 29 77 42 20 34 98 63 13 48 11 60 69 10 31 76 8 35 92 32 0 55 17 53 80 64
98 67 100 71 74 48 98 74 58 23 77 93 59 8 98 36 66 51 4 16 35 58 60 83 53 36 48 8 20 70
50 92 92 19 42 36 6 44 28 60 83 86 85 88 98 80 93 82 32 26 78 58 78 10 30 77 9 36 100 70
43 29 43 92 86 58 35 61 24 56 82 14 48 68 26 54 13 73 69 30 99 91 0 54 53 100 6 72 65 35
13 50 57 35 19 10 23 44 34 45 94 9 95 28 67 82 76 44 90 20 37 45 89 72 19 10 31 22 99 74
41 31 37 12 5 47 85 90 33 25 70 67 49 79 10 35 50 94 90 88 60 7 45 61 5 4 98 52 53 43
61 61 0 63 60 34 7 79 54 15 78 81 13 78 12 14 69 65 62 22 50 24 89 6 6 77 84 31 45 10
76 97 27 88 45 70 73 28 62 0 37 41 64 28 14 24 87 94 33 55 28 22 35 79 81 93 70 28 54 33
99 63 55 15 34 17 11 68 98 91 11 41 93 26 25 30 84 75 21 82 92 13 6 4 69 22 48 62 84 78
73 86 20 33 93 67 81 23 64 88 48 75 71 35 78 36 37 14 86 1 61 50 50 95 84 73 39 12 37 49
51 5 63 40 48 79 60 17 68 54 85 29 95 67 11 51 87 19 72 25 60 29 68 21 27 45 67 24 3 61
60 88 44 1 36 42 51 40 72 92 44 8 33 77 32 8 77 5 3 73 41 71 18 14 34 45 4 58 11 30
29 23 23 85 79 62 23 95 30 40 19 35 99 56 13 64 78 40 72 0 72 20 28 18 83 74 87 33 67 16
10 42 0 11 38 88 48 23 99 48 14 45 87 79 71 68 96 94 77 41 68 93 59 94 6 1 22 97 80 66
24 3 41 25 33 62 13 56 79 7 12 14 83 42 55 29 53 37 74 34 2 3 87 53 81 70 29 4 39 31
67 100 4 17 91 5 63 80 59 57 48 10 38 35 45 28 36 58 55 85 47 61 74 86 8 49 75 95 78 23
47 24 87 64 88 19 57 96 43 82 50 35 16 1 33 55 44 63 24 74 37 87 8 22 18 53 90 44 17 99
22 31 52 41 64 35 46 77 29 51 51 91 19 23 44 100 45 87 51 92 52 7 22 94 3 75 100 9 11 100
17 33 46 0 96 62 20 3 22 38 74 4 76 7 34 54 87 93 92 26 34 90 76 47 88 29 96 46 75 66
25 66 15 90 59 36 94 42 99 54 65 31 86 62 57 89 49 12 5 54 79 6 39 87 54 41 78 43 78 71
24 7 5 45 42 18 69 87 46 17 16 34 12 80 28 32 28 21 37 51 63 92 48 73 8 61 46 36 89 88
24 61 51 76 65 35 7 18 48 96 87 51 84 93 30 31 62 51 65 21 85 21 68 49 10 35 49 66 50 81
13 35 9 65 1 11 11 4 22 60 79 98 39 80 4 94 33 10 96 96 95 3 83 7 35 96 59 57 76 74
67 55 63 30 80 68 36 72 13 30 16 9 77 42 66 66 7 9 21 24 25 97 80 18 62 15 56 44 18 23
13 7 84 32 72 27 41 1 66 25 73 10 14 75 89 46 24 73 68 39 32 33 82 42 2 43 17 15 7 3
2 53 76 24 82 75 33 28 28 31 45 17 38 65 80 60 18 95 75 31 77 19 71 68 20 32 97 55 70 24
52 39 25 89 77 78 6 55 2 67 42 61 52 67 16 71 96 77 11 5 44 88 77 93 9 6 96 53 98 98
46 34 89 32 37 80 12 50 18 1 49 83 47 66 43 37 40 57 80 96 57 0 94 11 75 6 87 15 50 11
68 18 71 80 38 6 4 95 72 30 49 62 72 64 71 49 9 72 45 23 63 32 65 44 32 70 68 15 75 67
15 77 41 54 4 49 96 16 88 87 20 7 91 22 72 26 96 23 77 74 18 92 5 82 30 70 34 8 28 6
98 71 76 82 8 53 62 9 67 1 66 100 21 8 93 60 53 73 63 79 65 85 15 81 10 63 98 27 76 17
91 88 49 16 47 22 62 64 52 45 37 16 57 72 83 15 54 86 90 86 41 98 36 89 83 57 92 65 85 75
33 93 23 7 49 43 10 81 96 27 43 10 89 6 26 78 94 27 91 30 63 5 42 12 0 59 30 17 4 43
61 26 50 75 47 39 62 29 99 77 50 20 12 17 8 44 59 75 27 72 2 92 11 80 64 97 43 32 12 56
29 25 77 58 53 81 22 17 97 2 26 37 20 60 29 1 75 95 27 39 64 92 87 98 44 21 22 31 3 87
56 2 69 22 58 96 74 56 67 0 27 57 1 94 72 44 94 20 75 41 74 12 11 27 40 79 74 62 10 6
14 72 75 79 37 97 62 97 28 3 24 57 15 100 41 84 32 80 89 84 82 65 81 84 77 4 46 19 75 75
19 79 60 62 99 99 39 80 8 17 59 27 57 18 45 28 86 86 56 12 6 60 11 11 49 84 55 58 49 41
87 78 10 67 35 48 56 32 13 44 56 28 56 83 50 75 76 62 48 68 67 64 14 77 95 18 47 87 34 66
91 71 47 75 74 5 1 62 34 28 31 22 88 12 40 77 90 8 36 57 70 84 26 31 21 19 42 14 59 15
13 15 76 59 36 32 94 47 84 51 99 49 65 27 64 87 79 73 20 58 49 67 6 13 87 49 24 28 31 52
34 56 43 27 24 49 48 42 76 73 32 95 39 52 20 11 7 71 100 13 9 75 53 22 2 48 91 98 98 4
17 95 69 95 6 75 44 23 58 45 7 48 61 40 21 64 8 26 62 89 78 41 66 53 68 15 13 87 1 61
55 3 78 15 35 86 2 70 74 27 84 63 65 73 56 83 15 38 21 29 31 5 36 5 54 14 84 33 48 5
45 56 24 52 67 98 48 38 66 88 9 68 19 50 5 78 15 22 77 13 27 46 87 50 21 37 55 12 72 7
50 7 49 18 48 20 85 10 12 73 13 25 58 55 33 73 40 4 32 17 33 100 51 26 83 58 67 20 33 24
96 33 88 57 27 37 18 4 62 92 93 68 76 25 94 40 54 76 3 79 28 74 20 56 15 7 9 33 82 87
1 82 71 27 85 55 53 30 53 64 24 59 17 89 23 25 62 85 8 10 32 28 63 90 32 72 22 9 6 86
3 82 46 98 12 48 96 3 6 91 43 81 81 57 87 31 35 40 26 62 82 23 9 34 43 66 48 86 16 18
78 74 16 58 41 50 15 66 86 13 70 75 29 68 89 74 38 97 69 34 65 87 9 11 81 91 51 16 27 84
37 90 53 13 70 48 59 24 0 58 22 58 16 57 47 83 92 5 97 93 38 22 63 83 20 99 37 4 7 89
42 60 76 55 39 21 71 74 4 33 56 94 73 77 95 48 69 21 35 31 8 93 96 10 50 89 25 67 46 79
68 42 65 69 61 53 44 17 47 23 5 15 21 49 61 83 5 58 50 21 21 2 85 13 17 57 12 57 69 3
22 66 74 47 62 16 30 53 42 40 27 66 28 28 95 96 33 15 81 63 23 92 94 13 46 49 1 33 29 34
9 46 3 3 47 70 99 75 98 44 42 29 63 11 83 9 84 27 64 31 10 52 82 74 64 88 55 90 4 53
83 45 37 49 23 99 76 99 85 0 59 73 73 35 62 4 11 43 43 80 66 23 88 75 45 0 36 75 6 91
11 17 76 72 29 7 86 63 43 52 11 25 18 80 97 90 57 11 48 91 100 4 22 98 17 93 71 67 16 88
91 77 58 82 64 72 3 71 29 94 97 67 58 53 62 25 9 85 28 47 20 47 27 82 65 69 67 18 46 45
41 82 10 1 60 79 3 38 31 34 87 68 33 53 23 59 51 31 80 95 40 98 36 21 66 45 12 21 46 49
64 99 5 82 98 49 0 39 76 69 76 100 10 26 73 90 49 90 18 56 7 96 42 74 49 98 51 64 88 43
65 71 31 9 11 51 90 46 24 67 13 57 62 85 15 46 46 39 35 90 24 64 11 88 1 57 70 64 88 18
50 67 67 98 22 97 0 42 63 2 80 100 60 36 31 91 26 71 19 17 68 87 69 14 62 48 61 27 32 33
62 91 99 15 8 59 10 52 13 89 46 47 43 5 47 42 37 71 12 91 99 99 2 99 69 75 44 14 66 54
18 35 89 68 56 69 69 39 49 61 80 87 33 21 5 38 34 81 53 70 21 6 54 54 67 25 49 97 38 98
31 96 14 35 81 82 80 48 17 58 65 56 99 16 66 42 65 83 21 51 42 62 26 3 14 40 73 71 21 73
59 1 20 27 1 50 39 71 89 88 41 43 9 78 2 28 30 78 59 43 57 17 35 13 6 42 12 1 40 85
69 28 90 15 35 56 66 1 35 18 91 84 33 21 5 41 21 21 68 27 63 71 99 16 46 83 27 96 20 31
81 79 32 60 100 89 52 28 23 61 80 88 35 91 89 93 47 21 25 84 34 46 38 15 55 55 53 36 7 85
80 1 72 37 50 23 0 62 67 20 45 10 35 69 55 91 70 77 98 20 96 86 25 45 51 22 34 12 39 48
17 0 90 19 69 2 36 54 4 22 96 91 19 31 68 57 2 83 20 98 96 35 64 20 84 16 90 79 26 21
49 82 37 85 85 64 57 16 12 68 13 94 49 69 23 96 4 34 87 50 35 2 6 89 12 100 11 51 53 94
42 88 21 54 100 69 28 71 86 96 51 0 17 12 64 45 73 80 90 30 44 9 12 18 74 45 74 74 64 96
20 79 85 42 23 57 93 44 6 93 9 54 90 51 68 65 65 82 92 65 89 13 48 23 91 90 18 42 40 60
14 0 21 53 91 24 90 19 66 73 41 76 98 0 27 66 76 5 26 80 6 36 24 36 1 31 53 57 32 45
62 75 60 37 22 1 69 97 7 71 89 26 62 68 20 62 0 88 79 85 27 81 38 57 96 55 68 96 85 17
90 41 41 11 7 21 50 67 24 98 77 96 4 41 24 87 19 17 21 37 15 65 57 72 11 58 38 70 16 81
13 58 94 51 24 14 14 68 78 60 71 96 95 90 30 62 84 58 93 88 91 22 69 64 60 58 49 39 75 1
44 8 28 79 72 97 49 20 15 77 21 34 79 91 6 49 40 48 31 76 57 64 69 65 76 85 52 18 98 37
14 90 11 6 84 46 42 22 68 49 57 30 25 63 70 46 39 53 11 98 3 55 41 46 29 65 64 3 74 23
21 33 55 42 23 17 86 91 3 67 14 81 0 13 0 74 92 65 38 17 92 97 64 99 81 99 29 42 98 61
16 9 100 98 96 42 15 36 92 34 99 47 69 43 93 80 18 4 35 68 98 57 72 96 30 97 89 25 65 38
85 63 0 90 79 77 47 17 10 56 13 92 33 6 79 28 75 97 2 1 51 53 43 94 54 87 32 13 86 48
100 69 91 60 21 48 22 75 11 83 91 83 66 81 40 18 80 89 94 26 32 60 76 17 41 50 27 93 5 6
13 71 91 40 57 28 43 5 27 58 32 1 59 25 0 85 3 56 96 12 10 19 58 29 29 19 61 59 20 90
19 62 87 34 29 63 59 39 18 24 76 77 85 44 37 75 47 67 48 51 98 69 99 73 2 80 15 97 100 14
5 19 72 29 65 83 90 93 44 23 33 41 34 86 51 6 8 0 22 37 5 54 78 7 70 91 51 80 43 76
3 52 98 99 75 34 16 32 64 36 33 0 27 28 95 72 52 84 19 5 100 62 47 11 100 63 60 33 54 24
99 89 94 29 46 38 49 25 88 89 68 100 27 38 6 54 62 20 54 24 5 21 9 1 41 40 6 85 89 37
21 67 32 91 83 19 54 80 94 92 36 86 41 23 99 91 95 76 84 17 68 53 65 11 67 10 94 91 90 58
78 63 37 13 73 1 44 32 18 26 26 37 7 96 13 2 20 45 73 97 59 71 51 0 63 75 91 8 23 99
64 14 42 6 98 81 37 83 30 38 92 91 88 9 93 82 36 46 69 25 16 77 54 35 69 60 89 87 49 33
30 72 88 68 0 31 59 40 9 69 61 47 58 12 38 29 2 75 6 89 21 8 25 80 74 6 67 100 30 99
60 80 72 40 2 27 74 69 47 11 92 95 31 8 51 66 64 10 27 94 94 36 67 23 78 49 26 36 2 75
78 43 16 91 30 81 29 75 70 0 81 69 53 75 0 0 69 57 11 70 81 88 42 20 48 80 42 78 64 15
60 54 9 63 86 54 52 9 85 29 3 52 76 4 95 71 81 0 5 56 22 81 50 68 53 85 45 77 9 25
86 79 6 64 53 65 73 59 21 53 4 0 82 70 85 20 21 1 81 7 9 50 16 18 85 28 13 25 54 87
83 72 59 5 83 90 86 64 96 18 70 29 28 19 85 54 63 75 12 54 81 85 59 53 77 15 6 74 83 28
65 2 78 20 85 27 46 32 81 73 39 90 3 78 88 49 91 38 35 10 4 20 55 23 55 41 15 52 14 64
81 0 28 39 37 19 93 15 85 34 55 25 65 95 13 40 41 33 84 62 0 84 50 2 84 12 43 41 28 2
36 29 90 76 40 25 51 10 11 19 31 20 8 54 4 47 3 35 80 5 10 67 51 64 37 55 24 28 26 29
11 82 78 38 25 18 49 4 30 45 91 89 85 28 3 97 67 52 38 50 30 4 68 46 43 73 45 15 85 43
48 17 1 38 17 11 79 2 98 45 100 50 0 79 75 60 18 95 52 47 27 51 43 20 64 49 2 30 38 27
33 79 35 16 42 31 26 45 30 9 21 46 40 35 48 87 57 75 55 55 18 57 6 51 72 3 66 41 8 36
78 14 100 35 34 52 55 36 74 95 91 19 39 21 75 75 82 6 70 3 89 7 2 35 83 23 31 48 81 0
45 52 18 100 20 98 28 49 64 13 20 85 23 66 82 72 30 23 3 81 6 41 85 49 81 45 49 40 75 40
31 88 20 46 61 76 76 31 58 88 47 13 26 5 27 0 84 58 17 61 86 83 56 18 84 10 28 14 71 72
84 9 25 10 96 9 98 18 20 90 96 71 21 95 96 65 8 0 55 65 52 18 66 77 95 88 36 19 3 59
85 73 29 10 58 40 33 95 61 95 41 45 53 81 51 82 51 71 92 73 91 79 84 20 97 84 63 18 98 68
97 17 59 32 12 70 97 16 8 35 1 8 5 87 25 42 22 40 19 22 82 53 68 11 49 15 42 34 62 81
10 87 86 93 60 58 95 33 51 89 41 21 91 13 29 28 14 4 29 58 20 27 58 24 23 31 84 49 28 92
83 55 64 46 67 83 50 91 56 86 79 7 5 26 82 38 59 76 42 2 4 78 92 75 56 9 60 40 91 15
3 1 17 9 95 11 1 25 5 53 47 19 18 3 24 49 27 66 11 31 27 25 25 83 41 29 4 83 21 35
50 55 40 47 49 92 90 47 36 90 17 93 97 49 84 57 21 58 3 4 51 39 96 38 28 67 0 32 38 25
72 73 36 47 42 29 87 69 26 54 40 40 41 95 61 96 63 7 13 67 89 70 81 38 60 38 91 70 43 31
37 71 48 98 1 57 16 36 3 72 74 86 89 93 76 83 61 39 10 55 76 99 11 100 47 49 11 80 75 62
76 66 57 87 58 9 33 41 45 11 56 25 93 61 39 23 27 93 42 8 57 47 0 4 71 70 96 30 20 68
11 34 74 40 99 54 24 87 78 46 60 30 54 68 36 78 6 100 15 65 7 8 26 49 28 9 11 30 29 29
43 5 59 82 3 50 37 7 84 33 62 71 45 95 16 25 72 19 8 11 40 70 4 85 72 2 45 29 13 9
32 26 5 84 73 74 60 72 3 80 24 12 67 26 74 24 95 38 95 60 62 25 93 22 98 5 53 99 15 14
58 15 61 91 79 77 63 76 25 40 18 3 0 43 43 94 85 72 97 54 15 97 60 19 93 88 16 90 52 71
76 70 33 42 74 66 92 5 5 51 43 98 33 55 20 38 25 71 7 1 26 10 57 79 37 100 71 50 37 35
8 17 91 27 56 41 23 98 83 79 64 32 86 100 6 71 3 77 79 2 79 15 26 92 39 21 69 69 17 69
5 86 38 98 35 6 24 98 5 22 88 70 33 90 70 23 8 45 76 18 52 57 59 8 14 59 90 38 28 0
32 97 70 98 68 68 12 7 33 67 68 33 62 32 97 0 87 84 43 23 20 81 33 58 36 21 10 58 55 86
42 63 16 35 83 98 88 56 23 53 57 57 18 98 32 96 85 72 23 56 16 47 65 54 15 38 22 33 61 9
80 51 25 70 12 86 59 85 40 60 39 58 55 92 99 94 32 61 27 20 68 30 95 97 73 52 4 6 11 51
56 44 34 93 42 4 20 88 38 11 41 35 76 69 78 18 60 91 63 5 77 77 58 82 27 6 53 25 0 65
55 66 45 18 25 33 36 2 34 45 63 92 20 7 71 28 80 91 75 86 55 70 61 68 24 63 96 21 61 66
78 74 21 77 96 95 2 71 58 51 21 69 45 74 90 10 18 39 5 63 39 36 96 94 66 99 79 99 30 84
95 84 53 36 17 20 2 40 34 100 15 51 74 8 3 38 95 34 64 74 33 82 33 60 3 53 14 21 36 97
88 17 24 85 44 59 3 71 4 48 53 74 30 64 53 19 86 83 89 20 19 51 8 20 84 78 0 69 56 94
35 83 55 30 71 72 8 5 46 80 5 4 13 85 37 98 69 33 24 41 16 30 33 96 2 49 22 49 42 45
36 70 95 64 81 3 14 24 89 1 45 98 50 40 92 72 52 36 94 28 67 82 58 14 60 54 35 10 96 27
51 62 35 64 65 37 60 1 61 10 85 86 81 45 94 73 95 50 54 77 26 65 96 19 37 64 27 63 28 30
79 65 74 81 23 19 88 29 22 59 21 77 17 5 23 97 10 85 71 74 13 100 38 40 5 97 90 68 46 91
45 99 84 92 7 72 63 65 10 20 100 20 60 15 74 30 39 61 34 100 28 86 68 27 51 70 0 48 8 82
56 12 19 28 30 72 52 88 100 74 80 86 3 67 89 42 39 48 93 43 6 33 17 77 64 25 29 91 70 24
16 54 39 70 61 96 50 88 71 92 38 30 45 25 81 55 81 10 10 25 95 0 43 74 64 85 68 100 4 90
9 86 100 77 94 74 58 85 49 85 61 68 47 61 58 91 99 56 97 85 82 57 79 73 96 37 40 40 47 59
79 88 65 90 25 11 21 27 30 36 6 29 55 39 21 34 34 64 57 86 73 8 67 53 72 23 84 100 87 88
21 42 8 82 97 65 79 18 4 13 45 15 53 9 31 11 61 15 4 33 15 24 29 4 39 75 93 91 88 85
26 57 61 61 87 9 92 76 46 7 56 32 82 63 14 14 45 31 27 60 28 39 40 36 84 48 47 41 94 74
20 18 50 71 32 77 83 28 10 61 49 26 82 6 89 20 86 27 73 21 41 12 45 2 90 4 1 73 25 91
11 48 7 93 96 5 48 55 66 23 67 90 14 93 7 25 76 7 7 30 24 8 53 43 77 88 75 19 44 50
87 88 15 66 7 20 74 93 90 34 40 13 38 79 81 37 1 55 67 41 73 95 5 0 70 22 61 53 7 79
4 26 29 60 14 22 34 5 67 25 63 34 43 52 11 100 31 26 94 27 10 69 73 97 87 67 82 26 91 17
66 49 59 89 67 20 9 39 9 1 64 18 40 80 9 40 55 55 34 91 31 67 38 68 5 23 64 77 68 89
68 79 84 50 0 100 6 59 44 18 9 16 2 55 52 29 47 2 100 47 11 74 4 86 38 27 44 73 4 48
8 90 38 63 60 90 33 49 80 18 73 26 29 41 29 90 38 0 77 5 57 95 31 5 28 5 99 84 79 35
47 84 79 36 17 56 35 79 53 65 30 28 63 82 26 0 9 96 76 63 85 72 89 20 31 12 71 35 29 49
51 2 23 31 14 43 57 61 13 47 58 85 13 66 30 60 80 10 24 3 44 61 19 95 42 91 61 35 93 3
47 44 31 74 49 75 44 34 78 13 42 98 8 79 84 79 32 23 1 99 69 61 87 84 23 77 30 50 41 49
88 12 56 95 76 74 5 86 100 12 13 87 94 92 50 82 42 31 21 13 36 20 4 85 0 40 65 70 86 92
63 58 72 45 12 61 64 4 54 80 80 84 12 40 28 24 71 25 46 3 80 4 99 2 51 21 23 73 88 81
35 42 27 84 27 28 11 58 73 56 44 88 0 20 85 38 18 35 83 15 31 57 57 22 12 96 76 2 84 27
17 60 80 79 65 89 35 70 37 20 33 23 98 64 59 15 86 44 5 77 79 47 60 17 30 9 35 8 95 4
35 15 30 51 27 46 5 39 1 7 1 45 80 84 98 22 41 42 61 58 56 23 80 92 25 40 83 12 18 87
74 12 47 15 9 19 44 100 59 34 50 84 9 66 96 36 97 95 60 7 93 0 65 69 12 16 84 56 59 91
13 19 68 86 5 23 21 12 27 68 8 46 77 70 3 99 64 69 14 8 43 45 20 45 96 100 66 74 1 74
57 0 18 42 62 51 98 19 49 49 55 36 21 69 90 85 12 29 11 17 59 62 54 57 58 35 6 81 36 77
75 45 66 39 48 27 2 19 95 58 0 52 33 19 34 88 38 3 60 89 19 18 61 90 52 26 88 79 55 22
15 1 20 99 12 79 28 57 87 34 78 87 50 92 2 69 8 37 74 30 41 91 71 57 75 80 36 24 73 43
82 43 23 87 76 64 15 16 31 17 68 91 27 34 91 30 26 7 42 12 45 1 88 92 70 76 59 55 2 66
88 54 60 5 65 81 52 26 47 57 8 95 7 27 47 100 33 40 77 88 36 59 19 86 75 70 33 17 67 1
56 78 81 90 37 92 80 31 44 78 39 73 7 20 62 52 69 41 19 51 14 9 21 95 61 79 73 77 55 92
88 39 74 98 42 6 96 98 86 60 96 23 2 8 87 91 62 94 48 62 94 79 83 23 65 78 97 49 42 86
30 13 33 72 73 87 91 84 23 26 9 97 90 88 60 94 59 56 2 74 26 98 36 13 4 98 5 26 12 7
59 81 73 41 3 7 39 1 1 10 42 40 84 21 63 63 60 78 36 80 9 100 46 75 66 12 16 43 15 23
46 66 86 96 42 93 59 11 2 74 8 39 65 62 50 64 17 72 25 11 29 89 56 55 64 47 86 31 3 84
97 52 97 95 24 1 47 77 17 21 28 19 39 2 11 38 92 15 40 54 29 52 22 21 31 41 0 92 40 2
0 72 78 62 44 10 98 3 92 94 96 13 57 55 12 19 68 59 98 4 60 18 56 19 6 29 16 73 68 2
11 67 47 71 9 53 48 6 64 72 26 90 38 11 34 77 48 86 89 88 18 11 33 49 55 18 78 67 24 87
6 19 85 50 12 56 37 96 21 2 33 24 77 34 41 64 13 93 13 61 44 73 56 72 42 48 74 23 82 78
66 97 42 12 56 23 37 88 26 5 88 94 20 95 68 24 60 37 36 25 43 85 66 40 89 99 53 58 91 88
1 44 33 78 77 92 78 88 66 62 58 44 77 45 61 19 28 32 67 6 81 1 52 3 99 81 23 31 71 100
32 75 8 97 80 90 83 80 54 43 93 58 94 95 14 93 70 6 6 94 20 42 40 79 78 52 44 31 82 10
66 95 60 46 3 31 78 53 36 61 72 0 25 85 31 85 36 36 66 34 46 55 8 41 100 88 98 46 39 10
15 80 26 70 83 73 70 60 47 84 4 6 62 76 40 10 28 37 67 97 64 41 55 29 3 21 32 89 49 59
61 42 34 33 98 87 31 5 97 43 34 29 7 90 86 21 50 7 64 16 0 30 23 63 8 12 48 17 90 60
95 89 64 15 99 95 71 57 68 59 25 94 9 59 55 98 50 65 60 85 16 40 56 82 78 25 52 10 52 93
74 27 75 82 51 42 88 78 95 26 21 60 39 59 81 56 57 99 3 75 62 45 46 7 67 97 83 53 81 98
96 48 67 26 91 49 13 49 90 30 42 63 78 2 70 88 66 49 18 54 30 78 44 26 63 97 69 91 69 93
50 13 90 27 81 57 51 27 63 94 27 48 70 49 29 16 9 93 52 56 6 8 18 16 39 24 28 33 40 98
29 86 88 82 6 86 1 58 12 63 62 60 56 49 46 53 35 96 71 86 34 81 100 83 13 57 39 68 63 15
78 85 46 70 10 33 25 9 64 43 75 15 98 59 68 84 34 28 89 100 58 16 98 67 29 63 42 74 68 67
20 77 42 25 37 34 57 94 91 23 80 64 48 9 71 56 32 20 97 14 48 5 15 51 68 72 3 80 85 46
38 12 17 79 99 64 86 58 50 74 1 45 73 53 10 8 63 100 92 41 70 23 84 73 37 86 24 16 16 6
67 87 33 73 92 97 86 94 3 43 56 44 74 89 92 59 63 22 58 10 82 62 28 82 85 70 0 73 69 27
53 8 65 13 69 83 74 90 47 15 65 99 39 59 61 16 61 88 11 11 96 94 59 100 0 38 10 39 17 77
43 35 4 18 51 48 89 7 66 60 23 56 99 96 34 11 25 47 87 7 18 54 35 40 15 36 78 33 64 40
0 47 54 1 9 52 46 51 88 87 48 5 96 16 38 81 77 10 90 12 67 25 92 52 55 75 16 41 83 77
75 3 85 67 1 4 79 6 67 91 99 38 70 48 9 72 31 0 10 10 83 60 17 96 17 4 93 74 23 27
80 51 2 40 77 77 45 33 96 53 47 20 50 96 75 43 90 19 18 71 59 87 4 87 74 28 1 51 79 88
21 42 51 75 18 83 80 73 41 37 36 1 79 13 78 50 30 18 32 80 58 62 23 64 86 73 18 80 38 7
95 10 25 14 36 15 57 86 18 17 3 10 100 89 56 63 16 52 4 76 51 26 6 73 49 57 54 59 60 88
67 17 67 29 47 57 59 81 32 87 9 92 80 6 38 50 53 19 83 72 43 77 97 0 92 65 66 57 24 16
78 87 24 30 36 94 27 20 81 0 98 94 15 4 22 85 5 100 81 38 52 40 74 1 41 90 93 0 47 49
1 87 30 37 6 86 28 8 63 98 2 50 75 44 16 20 4 27 81 44 81 95 49 36 38 22 6 17 94 32
17 97 29 57 53 45 2 59 47 32 28 76 16 14 19 20 61 61 9 50 10 56 42 64 48 17 47 69 100 88
63 80 12 58 63 48 42 89 9 53 39 64 43 59 96 50 10 48 69 26 41 65 9 93 64 52 48 97 90 92
63 74 57 4 87 24 2 35 86 93 37 98 30 89 34 69 91 54 0 13 17 19 5 94 11 4 4 46 15 18
65 35 37 77 76 54 29 23 20 36 86 12 5 89 24 46 95 78 23 4 30 84 61 22 74 45 96 59 98 14
10 63 80 98 22 99 65 50 63 8 72 68 27 3 17 3 94 78 94 13 11 96 28 57 97 99 4 78 65 64
43 89 97 36 24 88 49 47 82 31 34 72 18 17 12 11 96 89 74 83 32 70 27 65 46 37 70 96 26 81
86 76 54 48 77 76 85 18 62 61 20 18 2 40 68 13 73 11 38 39 52 7 76 40 69 18 49 50 82 24
52 0 55 19 22 46 41 62 81 47 21 33 99 80 91 5 46 60 71 92 13 38 99 7 38 36 84 86 2 95
63 64 95 95 86 7 96 36 82 1 44 95 71 20 15 71 65 53 50 18 40 26 99 78 68 41 5 43 44 42
56 59 1 73 70 84 44 48 17 42 89 63 52 21 86 3 89 18 46 90 10 62 52 15 40 24 40 34 72 57
47 21 42 75 76 34 79 45 40 24 54 33 48 90 20 18 98 59 64 67 42 99 46 87 65 56 22 17 46 4
15 88 94 18 54 19 36 17 55 32 97 81 76 33 26 57 66 13 65 49 19 65 75 10 18 17 60 45 6 42
18 93 99 86 14 94 0 31 7 70 84 8 42 88 78 95 53 93 26 18 70 83 69 93 29 12 100 56 2 48
6 51 47 3 2 96 31 56 30 30 14 83 77 14 21 38 97 49 83 60 90 12 83 34 97 12 57 89 80 86
2 83 9 93 81 14 53 15 71 10 77 79 52 50 59 66 7 74 35 43 29 11 24 84 36 64 61 90 20 39
100 57 45 15 92 52 12 45 84 55 79 97 2 84 87 87 67 85 79 87 64 39 58 21 42 3 44 92 9 70
37 80 60 37 16 17 9 13 81 50 63 51 66 74 94 96 41 61 93 48 66 90 87 80 25 18 98 52 25 100
84 6 14 63 94 29 54 42 46 50 8 91 68 68 66 78 56 77 75 69 22 63 78 7 59 74 73 93 95 34
43 55 57 24 26 31 45 88 73 81 40 6 6 9 63 47 59 83 98 32 9 6 24 31 66 21 70 72 58 44
55 100 94 23 93 66 54 100 29 37 66 8 66 27 0 14 28 4 5 57 89 52 52 17 35 38 51 59 45 35
89 33 94 62 17 63 98 59 42 53 58 91 22 57 57 8 98 23 20 43 93 8 73 47 20 61 17 74 54 26
99 19 33 0 45 13 47 2 58 85 0 20 68 1 48 17 85 5 89 11 80 78 49 44 69 27 75 0 35 10
97 19 82 35 59 53 27 81 90 8 99 64 34 82 7 40 82 46 75 20 84 12 100 75 69 13 67 85 99 32
90 5 57 79 11 81 99 28 85 23 68 10 92 40 40 50 67 98 30 14 78 48 92 70 43 89 87 13 14 10
40 48 73 42 2 33 10 89 87 73 74 55 22 22 79 14 12 48 82 57 59 44 56 4 55 48 5 13 97 18
65 15 76 23 6 73 67 44 71 58 72 51 55 14 43 6 95 73 25 3 19 11 27 50 33 25 60 56 65 8
91 55 66 11 53 98 10 5 82 21 9 64 33 70 68 98 16 43 45 95 26 83 97 8 15 92 87 75 63 8
77 83 81 89 51 11 87 28 93 26 94 69 60 54 20 54 68 93 45 21 44 83 37 6 31 12 77 18 82 89
82 64 27 12 83 11 89 47 2 68 56 14 47 59 13 74 91 50 3 86 47 15 8 86 72 75 61 1 11 82
89 61 47 76 28 14 0 4 74 22 90 7 56 40 53 32 76 56 14 64 79 81 95 79 65 31 62 80 66 53
61 79 3 100 83 42 59 3 16 62 62 20 49 3 1 27 30 66 50 5 38 55 15 49 60 92 5 30 88 42
44 82 95 22 53 55 30 53 13 68 97 5 21 47 16 28 95 94 25 7 54 5 49 86 53 37 75 38 7 96
27 49 41 29 38 60 33 73 54 95 47 83 39 30 1 79 62 76 95 0 28 25 34 67 81 82 33 18 76 50
52 32 11 28 50 58 94 16 86 56 29 48 53 77 15 90 3 42 84 5 6 88 87 76 6 80 3 23 31 5
89 64 11 61 67 40 30 51 73 5 41 33 75 11 73 37 87 47 44 39 66 82 60 73 72 96 95 59 64 60
18 76 4 66 100 37 40 99 17 62 12 42 93 50 32 67 35 12 68 72 83 55 46 18 62 33 86 74 45 5
47 5 27 75 72 77 2 65 62 87 31 90 38 86 60 12 17 26 91 69 57 29 92 52 19 95 87 95 89 15
64 26 59 7 87 70 96 64 71 10 21 41 8 69 58 12 81 83 32 96 88 32 83 28 5 43 0 67 41 75
11 76 43 89 40 44 2 14 49 12 72 98 46 21 69 63 6 17 14 38 44 70 50 77 63 74 89 3 57 17
16 4 98 54 28 84 73 54 81 77 100 96 73 62 71 95 55 2 76 95 10 71 46 31 4 46 43 65 100 86
22 78 13 95 24 88 97 29 45 86 87 18 91 74 31 80 65 6 40 37 1 35 26 94 93 80 48 78 24 57
11 43 53 100 40 98 98 47 74 60 27 98 28 82 64 2 91 70 63 88 58 83 79 57 89 7 12 70 79 30
26 32 60 28 85 72 8 96 47 6 42 66 98 80 4 40 6 9 34 99 69 6 74 66 95 9 44 19 61 31
74 95 37 94 32 59 25 75 45 87 1 14 21 27 95 57 37 98 7 38 15 46 2 73 83 25 83 76 24 6
36 37 22 60 76 36 32 80 62 98 78 0 29 95 47 44 45 43 19 99 39 0 19 70 53 96 4 8 85 80
39 37 41 76 66 59 29 26 2 60 51 77 98 72 46 31 17 89 37 28 6 57 76 99 19 20 25 60 8 89
75 58 43 81 100 11 61 34 59 22 3 82 72 31 41 55 2 8 87 26 72 61 16 0 23 64 14 33 17 40
32 93 91 61 94 99 72 76 89 93 80 5 37 61 77 71 41 44 69 92 66 11 67 57 17 96 74 17 54 88
57 9 34 18 64 15 63 43 86 56 68 49 29 54 68 0 8 71 84 17 47 97 6 84 85 45 30 23 93 21
29 75 37 8 64 76 1 80 95 45 29 76 52 81 10 94 75 66 77 98 42 88 95 100 29 29 22 93 64 13
31 55 11 11 93 90 97 57 50 95 62 14 12 19 55 13 69 69 62 58 66 91 55 89 32 97 95 29 0 80
5 68 59 42 48 26 3 100 20 77 2 95 83 84 74 56 36 98 2 0 75 20 75 55 12 32 16 77 37 1
17 66 46 88 71 30 72 31 0 10 15 24 2 30 0 40 9 72 27 57 4 82 100 94 12 15 74 72 41 88
21 81 69 96 3 63 19 74 58 77 14 1 83 77 92 24 18 10 28 41 41 96 56 54 4 28 98 80 57 92
49 46 88 92 50 45 8 43 6 0 6 77 53 98 40 21 26 54 83 3 39 77 55 0 9 30 93 16 81 43
43 10 100 9 12 75 86 87 29 21 67 51 96 7 62 35 9 88 22 14 33 71 94 50 32 17 38 98 74 40
78 6 78 76 56 59 4 6 46 66 53 68 95 77 70 33 66 88 10 58 98 24 77 59 99 79 34 69 15 33
97 57 53 65 76 75 72 78 86 82 8 94 25 11 64 15 74 11 0 78 86 19 38 53 24 81 13 89 10 24
52 9 98 55 28 8 69 74 58 99 91 60 54 99 63 43 10 57 81 36 36 30 78 45 21 81 47 77 50 58
2 1 9 0 58 22 63 83 42 48 52 60 27 23 45 83 54 31 64 99 13 60 61 61 93 0 76 30 30 70
99 100 76 44 94 66 13 66 0 81 27 81 72 64 2 51 80 13 60 34 45 65 64 95 34 91 86 20 93 41
79 81 74 13 50 63 2 58 5 20 0 60 11 98 6 98 42 17 37 24 28 83 27 47 44 41 64 69 91 71
49 21 6 97 75 27 17 62 98 7 67 19 54 55 56 64 55 79 93 49 55 24 89 92 64 32 95 2 96 95
16 71 90 78 90 95 69 49 21 0 12 74 17 78 18 86 81 65 58 46 8 21 85 45 71 98 88 34 21 63
16 52 6 15 2 92 7 34 36 41 16 14 51 76 59 34 50 38 22 78 93 64 93 75 72 44 78 70 11 65
26 60 61 93 59 5 51 35 41 56 60 94 97 43 8 9 99 45 32 89 50 42 11 36 33 81 58 24 31 7
3 49 51 23 1 92 19 52 71 36 61 85 51 23 80 10 98 27 75 1 9 89 25 35 48 36 1 57 94 37
76 85 43 31 39 41 34 7 29 73 84 23 44 27 85 37 13 45 10 45 95 4 88 36 99 9 91 60 89 98
4 91 41 26 58 3 16 85 40 100 67 96 55 26 55 63 63 21 4 52 99 66 41 2 10 12 4 51 10 47
49 85 61 2 45 50 87 3 45 12 62 18 13 13 37 58 7 17 46 87 94 26 36 41 8 33 47 54 61 11
53 69 65 41 31 9 64 14 45 27 85 51 26 14 3 59 0 58 61 4 72 51 98 38 71 94 59 68 70 65
13 82 5 99 77 61 17 39 68 51 67 35 68 24 90 46 46 29 83 53 93 75 9 54 14 74 51 59 1 67
64 97 60 97 39 76 15 95 63 93 34 44 99 62 76 84 89 20 57 25 88 12 7 23 80 79 61 81 99 80
37 5 69 57 84 6 90 87 51 12 72 25 29 78 57 75 95 24 53 87 14 78 87 70 76 49 60 26 67 75
8 94 5 0 97 17 28 39 71 6 44 40 49 44 100 5 84 37 32 66 23 14 79 34 5 80 52 4 64 68
73 33 74 29 70 58 48 68 5 67 51 53 72 49 18 27 1 55 44 22 65 31 59 58 17 80 98 32 34 13
90 4 85 55 57 100 0 33 89 98 48 46 38 53 21 51 97 30 13 98 88 99 65 99 30 24 29 65 14 22
63 26 17 91 40 96 65 98 59 9 81 10 93 42 14 5 4 54 57 33 64 41 19 16 94 9 25 76 60 11
17 85 21 19 0 29 37 82 0 50 81 94 96 61 19 7 24 10 35 38 70 23 55 81 42 38 33 63 75 27
51 64 89 11 13 57 11 57 18 47 50 35 12 45 21 92 93 34 79 73 83 12 99 36 65 85 70 86 18 47
77 32 61 71 96 84 85 77 39 88 94 50 21 78 16 18 66 53 77 57 47 31 32 54 77 27 36 67 9 42
59 52 58 80 21 7 59 66 41 52 45 30 12 24 86 19 60 76 81 40 13 64 24 66 86 90 6 83 70 71
77 18 38 4 76 31 41 41 13 11 98 68 25 25 51 69 24 63 39 0 10 60 44 19 86 55 27 53 65 59
86 93 66 30 0 1 88 44 13 70 98 99 89 76 66 89 63 49 92 24 43 82 63 56 72 36 94 11 81 47
39 50 56 65 71 35 74 50 86 83 59 91 94 71 15 41 70 15 60 27 42 25 16 90 6 93 5 81 9 43
76 73 1 100 25 75 83 42 54 87 53 20 49 51 20 27 25 27 14 41 22 12 92 82 99 95 80 9 57 96
88 77 26 45 34 89 33 54 88 71 51 84 96 57 52 18 20 81 3 63 16 54 70 68 71 35 51 85 70 5
11 32 48 65 74 0 75 9 54 45 92 1 21 92 69 8 24 60 72 28 33 65 82 86 96 85 84 24 94 6
47 94 45 90 34 70 63 29 24 79 80 66 50 66 30 63 17 25 57 39 94 86 41 97 77 57 58 58 11 24
37 26 71 77 95 78 0 97 77 80 32 29 88 9 75 7 31 77 16 51 88 78 50 5 89 18 38 3 86 46
13 55 76 87 29 4 63 55 44 85 30 55 82 49 71 21 23 59 100 45 53 68 5 61 92 47 66 66 9 23
92 11 72 35 44 10 85 58 45 49 92 74 78 80 69 92 68 37 73 42 69 97 48 94 60 23 90 58 31 68
47 30 4 74 75 40 13 17 89 68 51 42 45 55 13 80 71 98 36 20 73 36 44 32 21 29 57 61 20 61
32 14 90 17 47 4 86 45 0 56 48 96 25 8 48 66 3 21 77 92 40 17 33 100 63 53 81 64 35 100
4 40 29 79 87 21 9 41 100 35 31 3 23 46 3 48 25 36 70 44 85 71 65 6 40 11 23 93 86 5
54 32 54 54 42 38 61 60 84 81 80 70 93 67 49 93 93 17 45 29 25 90 98 29 56 81 86 18 6 51
34 26 45 67 78 99 26 9 20 11 48 76 58 60 79 49 70 90 40 60 32 10 26 23 82 48 88 27 51 83
25 53 54 28 65 35 13 4 95 10 17 65 81 46 71 47 27 33 1 61 14 89 73 30 10 62 48 60 0 23
39 22 85 63 96 2 54 26 23 53 86 97 8 33 40 91 25 57 46 81 90 35 84 37 3 52 68 51 24 70
69 13 58 51 90 61 41 92 95 52 80 58 68 26 72 73 49 30 19 78 15 64 28 32 67 50 38 48 83 2
77 85 31 42 93 91 6 27 94 1 61 4 10 97 23 11 93 81 61 86 23 62 38 87 87 50 33 77 24 67
14 89 23 43 70 33 54 99 15 37 37 26 45 28 20 58 5 32 5 16 81 18 87 91 70 98 84 31 53 8
84 34 28 1 3 38 69 52 8 89 98 28 31 59 46 75 41 67 59 75 82 9 0 88 45 94 19 86 58 67
48 90 91 3 98 59 91 90 80 31 48 91 92 19 77 67 73 59 45 12 32 80 73 72 16 58 90 91 77 83
10 29 64 6 24 32 61 31 62 14 17 99 86 44 18 60 13 22 1 75 78 66 54 25 46 93 89 18 60 61
69 71 21 28 43 83 1 64 59 18 81 79 65 71 61 91 60 81 36 17 42 77 31 91 59 63 73 62 24 64
12 30 100 97 21 13 22 6 43 28 88 99 72 1 97 26 38 41 16 85 43 76 98 62 100 45 95 72 65 94
10 36 15 77 17 60 17 76 73 41 92 61 62 85 45 82 51 32 42 36 36 47 63 99 79 14 19 64 70 74
78 33 18 46 28 64 87 29 56 40 78 81 49 75 67 71 63 91 28 75 50 17 73 54 16 96 1 56 42 75
9 83 25 99 95 89 98 53 93 25 32 60 34 90 86 87 69 0 53 60 11 12 70 93 95 36 62 38 60 22
55 69 12 60 39 83 63 4 35 56 85 68 53 69 18 5 92 32 39 73 44 72 75 96 49 48 67 40 69 89
81 41 31 51 25 33 62 44 57 99 9 28 80 44 15 75 55 49 1 83 100 8 2 67 74 72 65 26 42 93
23 15 3 18 60 76 3 59 32 58 71 93 64 1 25 50 59 6 58 23 70 50 18 47 86 58 57 15 63 22
2 81 24 16 83 100 53 61 81 15 92 30 8 86 42 27 7 50 69 60 66 4 56 59 13 4 29 37 3 76
42 51 29 66 90 1 6 29 7 2 22 72 79 66 92 0 80 29 7 97 54 28 15 93 25 14 42 17 20 12
18 30 100 59 100 39 29 65 13 86 5 36 51 95 89 19 22 47 56 45 25 53 68 60 63 84 68 45 40 60
76 2 42 78 20 77 68 97 38 18 93 65 46 92 78 63 89 4 62 8 35 84 42 90 50 76 84 54 85 30
55 34 85 8 19 55 49 48 31 4 66 89 8 79 54 11 90 90 23 30 85 66 62 47 32 84 65 73 81 50
79 43 68 96 31 64 31 68 53 50 17 42 85 49 68 15 80 66 57 14 79 78 56 6 49 41 10 28 80 38
36 31 4 25 5 75 78 56 12 28 8 37 47 52 99 76 41 68 32 38 13 98 9 52 92 21 19 36 83 75
7 51 33 49 58 65 3 59 89 87 39 66 72 21 37 18 36 80 12 68 78 34 50 35 58 82 56 26 31 82
42 23 71 26 33 14 52 4 4 26 73 98 23 98 53 83 36 70 85 29 43 59 96 23 68 5 91 82 53 9
96 97 27 37 47 39 67 20 84 35 28 31 33 65 48 75 98 100 90 46 96 3 34 36 1 86 97 64 11 21
0 85 76 89 59 41 26 17 54 91 89 28 91 72 3 24 41 60 23 80 49 20 42 89 65 36 33 43 21 8
43 3 65 99 43 48 65 16 67 23 92 67 14 35 43 61 49 89 79 92 98 35 57 58 55 78 84 50 71 33
82 14 43 45 38 10 24 48 41 24 100 6 65 53 33 60 19 79 15 92 19 92 6 25 68 21 56 11 20 25
60 89 28 76 22 21 92 11 40 31 6 9 29 75 26 88 12 32 1 64 99 9 22 83 44 2 30 74 15 21
46 87 54 69 31 22 58 35 63 11 81 81 78 72 39 55 91 91 6 22 7 76 29 51 15 19 9 62 13 99
6 48 45 84 6 41 25 52 5 61 9 0 59 25 4 51 64 11 2 61 25 32 10 90 47 78 14 18 52 93
100 90 57 60 79 81 95 9 80 58 37 86 71 97 39 10 75 10 8 18 35 54 27 39 35 79 66 49 32 0
33 75 52 50 22 57 7 10 34 35 31 14 64 4 44 7 31 97 0 46 29 27 10 70 58 1 30 36 26 25
73 82 92 41 54 69 50 81 56 36 84 64 38 40 97 10 0 61 1 8 37 56 90 55 3 4 22 23 94 34
88 69 61 65 5 82 82 24 6 73 4 6 57 93 71 88 6 35 68 31 31 33 86 36 86 67 77 9 71 49
68 18 18 33 35 6 87 31 96 34 74 76 46 80 51 69 80 80 15 6 54 8 3 3 66 64 58 7 38 50
14 77 20 97 21 40 9 26 10 1 90 14 47 85 96 83 14 22 15 19 90 90 93 26 18 82 47 64 19 28
31 25 3 84 51 43 41 41 51 12 96 14 51 0 9 71 55 2 4 60 91 65 91 93 69 38 31 60 93 38
38 19 99 68 19 42 54 76 13 89 25 13 59 4 25 37 15 71 39 94 23 55 88 77 60 35 49 3 85 40
38 97 80 25 14 78 19 77 78 14 68 15 39 31 75 95 90 65 82 58 71 22 36 40 25 99 47 31 70 18
67 67 53 81 78 19 64 22 9 79 49 22 18 10 67 57 99 49 69 30 97 40 51 32 3 1 26 24 17 31
14 90 64 80 15 6 49 5 96 28 59 21 8 13 26 16 88 52 26 93 9 76 31 86 27 87 58 44 17 70
15 79 95 20 19 37 2 9 33 80 31 46 61 16 67 19 5 45 64 96 0 18 20 61 42 18 68 80 4 87
35 89 5 50 40 80 53 26 90 75 96 66 32 20 45 39 92 53 57 97 45 4 54 64 43 57 25 5 76 31
33 20 83 89 84 37 64 49 97 40 58 43 6 57 86 6 21 74 15 73 3 70 49 50 89 95 29 56 8 18
51 43 2 72 35 53 30 52 10 73 78 66 27 57 98 48 59 5 45 13 66 83 31 97 49 17 67 65 35 21
41 80 59 12 26 38 63 46 19 8 48 39 22 59 19 60 78 70 5 59 48 53 67 73 91 92 5 47 77 95
27 19 25 30 100 22 5 62 47 81 39 98 18 22 48 54 66 88 85 40 35 85 3 60 8 35 3 52 75 61
54 99 21 17 27 57 23 68 73 32 49 87 34 30 99 39 73 71 4 38 47 84 98 25 16 40 32 79 92 94
63 74 23 6 42 85 34 62 99 36 6 51 10 31 36 78 47 69 11 89 82 7 22 56 68 37 77 44 42 70
33 60 33 35 20 58 78 51 74 100 53 4 71 87 59 76 93 94 62 75 64 47 52 60 9 65 37 63 90 51
19 31 95 4 89 10 9 28 82 4 25 56 38 56 20 22 62 23 9 72 8 88 26 81 19 63 76 16 35 17
40 10 56 2 3 12 80 83 99 74 21 9 27 83 13 3 6 0 93 67 47 53 27 19 72 58 54 82 78 87
36 33 4 78 69 42 42 24 6 65 19 25 2 44 39 34 48 94 81 100 77 33 8 45 44 70 100 93 51 54
15 86 28 47 60 59 16 11 52 71 42 6 64 42 26 81 74 61 27 58 10 94 37 78 82 92 69 42 72 94
13 48 91 26 46 9 22 81 74 44 44 52 98 53 58 74 82 17 78 47 11 75 81 65 97 84 72 63 28 46
98 4 68 42 80 47 27 71 18 11 50 13 60 1 72 89 85 34 25 51 71 12 40 60 59 72 4 33 52 0
59 80 71 58 87 35 39 9 27 48 80 66 72 27 80 63 94 70 58 56 60 66 74 38 59 81 83 92 56 34
81 6 64 75 14 16 17 60 12 1 50 73 21 15 51 99 52 7 69 14 72 80 83 83 50 92 59 10 65 83
13 84 100 5 32 57 78 65 12 51 99 10 41 95 61 53 2 87 8 5 81 21 2 10 84 56 86 43 21 23
22 80 76 2 8 2 54 100 49 16 0 78 24 95 38 73 81 97 15 15 69 89 71 80 64 96 95 78 34 38
23 26 59 98 61 82 80 76 80 4 59 59 47 64 47 78 32 44 14 65 43 77 73 42 75 64 79 26 13 27
59 46 67 97 53 16 90 95 58 83 41 62 85 44 2 36 38 9 72 10 74 24 83 37 39 69 58 43 40 90
81 54 28 65 16 14 15 50 91 23 0 68 99 50 81 99 46 57 24 38 3 57 41 87 47 19 51 91 61 18
79 64 34 88 93 22 70 51 98 96 30 61 74 69 7 64 2 43 96 67 60 86 50 56 82 57 29 73 99 29
98 99 87 83 88 6 23 91 21 41 55 36 44 48 85 4 38 5 56 38 36 29 66 1 17 98 90 35 90 56
15 4 88 57 33 26 98 79 94 89 34 67 44 96 5 14 42 11 100 51 69 97 60 21 5 58 87 43 13 51
56 52 11 26 73 4 32 63 39 44 53 78 92 59 40 58 76 83 85 75 14 62 11 15 64 72 90 13 96 98
35 90 7 75 31 87 34 90 73 95 79 19 62 15 66 2 8 60 58 51 10 25 10 100 73 94 4 5 74 93
17 94 63 85 97 49 50 50 18 70 20 64 64 73 84 25 84 17 64 13 55 1 13 55 2 20 11 52 38 2
59 4 56 28 83 19 81 19 79 41 100 31 8 27 2 2 5 4 84 51 11 98 27 34 39 75 45 35 12 54
46 38 49 31 28 9 85 41 7 40 87 20 54 87 73 27 19 29 42 43 94 0 47 76 64 63 93 83 74 72
6 89 76 10 82 59 94 2 56 4 8 69 46 62 3 58 73 14 97 100 39 58 46 34 66 55 57 56 38 78
44 27 0 48 79 81 93 82 94 86 99 83 43 36 44 83 80 37 15 38 73 26 67 10 40 33 66 40 4 50
52 45 31 92 3 53 48 48 31 97 92 99 26 83 68 19 99 12 70 51 6 62 51 24 84 35 83 98 88 38
